"anno","coeff_at_1861","coeff_at_1862","coeff_at_1863","coeff_at_1864","coeff_at_1865","coeff_at_1866","coeff_at_1867","coeff_at_1868","coeff_at_1869","coeff_at_1870","coeff_at_1871","coeff_at_1872","coeff_at_1873","coeff_at_1874","coeff_at_1875","coeff_at_1876","coeff_at_1877","coeff_at_1878","coeff_at_1879","coeff_at_1880","coeff_at_1881","coeff_at_1882","coeff_at_1883","coeff_at_1884","coeff_at_1885","coeff_at_1886","coeff_at_1887","coeff_at_1888","coeff_at_1889","coeff_at_1890","coeff_at_1891","coeff_at_1892","coeff_at_1893","coeff_at_1894","coeff_at_1895","coeff_at_1896","coeff_at_1897","coeff_at_1898","coeff_at_1899","coeff_at_1900","coeff_at_1901","coeff_at_1902","coeff_at_1903","coeff_at_1904","coeff_at_1905","coeff_at_1906","coeff_at_1907","coeff_at_1908","coeff_at_1909","coeff_at_1910","coeff_at_1911","coeff_at_1912","coeff_at_1913","coeff_at_1914","coeff_at_1915","coeff_at_1916","coeff_at_1917","coeff_at_1918","coeff_at_1919","coeff_at_1920","coeff_at_1921","coeff_at_1922","coeff_at_1923","coeff_at_1924","coeff_at_1925","coeff_at_1926","coeff_at_1927","coeff_at_1928","coeff_at_1929","coeff_at_1930","coeff_at_1931","coeff_at_1932","coeff_at_1933","coeff_at_1934","coeff_at_1935","coeff_at_1936","coeff_at_1937","coeff_at_1938","coeff_at_1939","coeff_at_1940","coeff_at_1941","coeff_at_1942","coeff_at_1943","coeff_at_1944","coeff_at_1945","coeff_at_1946","coeff_at_1947","coeff_at_1948","coeff_at_1949","coeff_at_1950","coeff_at_1951","coeff_at_1952","coeff_at_1953","coeff_at_1954","coeff_at_1955","coeff_at_1956","coeff_at_1957","coeff_at_1958","coeff_at_1959","coeff_at_1960","coeff_at_1961","coeff_at_1962","coeff_at_1963","coeff_at_1964","coeff_at_1965","coeff_at_1966","coeff_at_1967","coeff_at_1968","coeff_at_1969","coeff_at_1970","coeff_at_1971","coeff_at_1972","coeff_at_1973","coeff_at_1974","coeff_at_1975","coeff_at_1976","coeff_at_1977","coeff_at_1978","coeff_at_1979","coeff_at_1980","coeff_at_1981","coeff_at_1982","coeff_at_1983","coeff_at_1984","coeff_at_1985","coeff_at_1986","coeff_at_1987","coeff_at_1988","coeff_at_1989","coeff_at_1990","coeff_at_1991","coeff_at_1992","coeff_at_1993","coeff_at_1994","coeff_at_1995","coeff_at_1996","coeff_at_1997","coeff_at_1998","coeff_at_1999","coeff_at_2000","coeff_at_2001","coeff_at_2002","coeff_at_2003","coeff_at_2004","coeff_at_2005","coeff_at_2006","coeff_at_2007","coeff_at_2008","coeff_at_2009","coeff_at_2010","coeff_at_2011","coeff_at_2012","coeff_at_2013","coeff_at_2014","coeff_at_2015","coeff_at_2016","coeff_at_2017","coeff_at_2018","coeff_at_2019","coeff_at_2020"
"1861","1","1.0061","0.9768","0.95","0.93410000000000004","0.94389999999999996","0.96709999999999996","1.0061","1.0122","1.0267999999999999","1.0585","1.1962999999999999","1.2683","1.2988","1.2988","1.1768000000000001","1.2243999999999999","1.1793","1.1646000000000001","1.2073","1.1293","1.1024","1.0670999999999999","1.0463","1.0694999999999999","1.0683","1.0659000000000001","1.0792999999999999","1.0975999999999999","1.1366000000000001","1.1329","1.1232","1.0988","1.0939000000000001","1.0878000000000001","1.0829","1.0805","1.0878000000000001","1.0707","1.0755999999999999","1.0768","1.0694999999999999","1.1012","1.1146","1.1158999999999999","1.1366000000000001","1.1901999999999999","1.1779999999999999","1.1451","1.1768000000000001","1.2060999999999999","1.2171000000000001","1.2195","1.2195","1.3048999999999999","1.6329","2.3098000000000001","3.2206999999999999","3.2694999999999999","4.2962999999999996","5.0829000000000004","5.0523999999999996","5.0232000000000001","5.2","5.8414999999999999","6.3011999999999997","5.7610000000000001","5.3390000000000004","5.4244000000000003","5.2523999999999997","4.7450999999999999","4.6207000000000003","4.3475999999999999","4.1231999999999998","4.1817000000000002","4.4976000000000003","4.9231999999999996","5.3011999999999997","5.5354000000000001","6.4598000000000004","7.4744000000000002","8.6389999999999993","14.4878","64.382900000000006","126.8049","149.65369999999999","242.53049999999999","256.79149999999998","260.55489999999998","257.05610000000001","282.02440000000001","294.0061","299.73050000000001","307.78899999999999","316.42930000000001","332.17439999999999","338.589","354.81099999999998","353.32679999999999","362.70979999999997","373.31220000000002","392.35120000000001","421.84269999999998","446.85489999999999","466.26710000000003","475.6","485.11219999999997","491.29509999999999","505.08780000000002","530.76949999999999","557.30849999999998","588.6232","649.66219999999998","775.98540000000003","909.20849999999996","1059.4159","1251.1706999999999","1406.9037000000001","1628.3219999999999","1972.6329000000001","2341.5158999999999","2724.2060999999999","3132.5414999999998","3463.9439000000002","3761.8110000000001","3991.2817","4175.6098000000002","4382.5097999999998","4672.1695","4957.1719999999996","5274.8792999999996","5560.2097999999996","5793.7389999999996","6021.7073","6344.1988000000001","6591.6220000000003","6705.8182999999999","6826.3572999999997","6934.2097999999996","7111.8463000000002","7302.1732000000002","7479.8098","7663.7927","7816.0523999999996","7949.2804999999998","8107.8865999999998","8247.4585000000006","8513.9146000000001","8577.3572999999997","8710.5853999999999","8945.7706999999991","9215.7988000000005","9320.3256000000001","9337.7476000000006","9329.0365999999995","9319.7073","9422.3268000000007","9524.9462999999996","9571.5915000000005","9543.6049000000003"
"1862","0.99390000000000001","1","0.97089999999999999","0.94420000000000004","0.92849999999999999","0.93820000000000003","0.96120000000000005","1","1.0061","1.0206","1.0521","1.1891","1.2605999999999999","1.2908999999999999","1.2908999999999999","1.1697","1.2170000000000001","1.1720999999999999","1.1576","1.2","1.1224000000000001","1.0958000000000001","1.0606","1.04","1.0629999999999999","1.0618000000000001","1.0593999999999999","1.0727","1.0909","1.1296999999999999","1.1261000000000001","1.1164000000000001","1.0921000000000001","1.0872999999999999","1.0811999999999999","1.0764","1.0739000000000001","1.0811999999999999","1.0642","1.0690999999999999","1.0703","1.0629999999999999","1.0945","1.1079000000000001","1.1091","1.1296999999999999","1.1830000000000001","1.1709000000000001","1.1382000000000001","1.1697","1.1988000000000001","1.2097","1.2121","1.2121","1.2969999999999999","1.623","2.2957999999999998","3.2012","3.2496999999999998","4.2702999999999998","5.0521000000000003","5.0217999999999998","4.9927000000000001","5.1684999999999999","5.8060999999999998","6.2629999999999999","5.7260999999999997","5.3067000000000002","5.3914999999999997","5.2206000000000001","4.7164000000000001","4.5926999999999998","4.3212000000000002","4.0982000000000003","4.1563999999999997","4.4702999999999999","4.8933","5.2690999999999999","5.5018000000000002","6.4206000000000003","7.4291","8.5867000000000004","14.4","63.992699999999999","126.0364","148.7467","241.06059999999999","255.23519999999999","258.97579999999999","255.4982","280.3152","292.2242","297.91390000000001","305.92360000000002","314.51150000000001","330.16120000000001","336.53699999999998","352.66059999999999","351.18549999999999","360.51150000000001","371.04969999999997","389.97329999999999","419.28609999999998","444.14670000000001","463.44119999999998","472.7176","482.1721","488.31760000000003","502.02670000000001","527.55269999999996","553.93089999999995","585.05579999999998","645.72479999999996","771.28240000000005","903.69820000000004","1052.9952000000001","1243.5879","1398.377","1618.4532999999999","1960.6776","2327.3247999999999","2707.6958","3113.5563999999999","3442.9503","3739.0120999999999","3967.0920999999998","4150.3029999999999","4355.9490999999998","4643.8532999999998","4927.1284999999998","5242.9102999999996","5526.5114999999996","5758.6255000000001","5985.2120999999997","6305.7491","6551.6727000000001","6665.1769999999997","6784.9854999999998","6892.1841999999997","7068.7442000000001","7257.9175999999998","7434.4776000000002","7617.3455000000004","7768.6823999999997","7901.1030000000001","8058.7479000000003","8197.4739000000009","8462.3151999999991","8525.3732999999993","8657.7939000000006","8891.5539000000008","9159.9454999999998","9263.8387999999995","9281.1551999999992","9272.4969999999994","9263.2242000000006","9365.2217999999993","9467.2194","9513.5817999999999","9485.7648000000008"
"1863","1.0237000000000001","1.03","1","0.97250000000000003","0.95630000000000004","0.96630000000000005","0.99","1.03","1.0362","1.0511999999999999","1.0835999999999999","1.2246999999999999","1.2984","1.3295999999999999","1.3295999999999999","1.2047000000000001","1.2534000000000001","1.2072000000000001","1.1922999999999999","1.236","1.1560999999999999","1.1286","1.0924","1.0711999999999999","1.0949","1.0935999999999999","1.0911","1.1049","1.1235999999999999","1.1635","1.1597999999999999","1.1497999999999999","1.1248","1.1198999999999999","1.1135999999999999","1.1086","1.1061000000000001","1.1135999999999999","1.0961000000000001","1.1011","1.1024","1.0949","1.1273","1.1411","1.1423000000000001","1.1635","1.2184999999999999","1.206","1.1722999999999999","1.2047000000000001","1.2346999999999999","1.2459","1.2484","1.2484","1.3358000000000001","1.6717","2.3645","3.2970999999999999","3.3471000000000002","4.3982999999999999","5.2035","5.1722999999999999","5.1422999999999996","5.3232999999999997","5.98","6.4507000000000003","5.8975999999999997","5.4657","5.5530999999999997","5.3769999999999998","4.8577000000000004","4.7302999999999997","4.4507000000000003","4.2210000000000001","4.2808999999999999","4.6041999999999996","5.04","5.4269999999999996","5.6666999999999996","6.6130000000000004","7.6516999999999999","8.8438999999999997","14.8315","65.9101","129.81270000000001","153.20349999999999","248.2834","262.88260000000002","266.7353","263.15359999999998","288.71409999999997","300.98","306.84019999999998","315.0899","323.93509999999998","340.05369999999999","346.62049999999999","363.22719999999998","361.7079","371.3134","382.16730000000001","401.65789999999998","431.84890000000001","457.45440000000002","477.32709999999997","486.88139999999999","496.61919999999998","502.94880000000001","517.06870000000004","543.3596","570.52809999999999","602.58550000000002","665.07240000000002","794.39200000000005","930.77530000000002","1084.5455999999999","1280.8489","1440.2759000000001","1666.9463000000001","2019.4245000000001","2397.0574000000001","2788.8252000000002","3206.8463999999999","3546.1098999999999","3851.0423999999998","4085.9562999999998","4274.6566999999995","4486.4643999999998","4782.9949999999999","5074.7578000000003","5400.0011999999997","5692.0999000000002","5931.1684999999998","6164.5442999999996","6494.6854000000003","6747.9775","6864.8825999999999","6988.2808999999997","7098.6916000000001","7280.5418","7475.3833000000004","7657.2335000000003","7845.5805","8001.4519","8137.8401999999996","8300.2085000000006","8443.0910999999996","8715.8677000000007","8780.8151999999991","8917.2034999999996","9157.9675000000007","9434.4007000000001","9541.4069999999992","9559.2422000000006","9550.3245999999999","9540.7739999999994","9645.8276999999998","9750.8814000000002","9798.6329999999998","9769.9825000000001"
"1864","1.0526","1.0590999999999999","1.0282","1","0.98329999999999995","0.99360000000000004","1.018","1.0590999999999999","1.0654999999999999","1.0809","1.1142000000000001","1.2593000000000001","1.335","1.3671","1.3671","1.2387999999999999","1.2887999999999999","1.2413000000000001","1.2259","1.2708999999999999","1.1887000000000001","1.1605000000000001","1.1232","1.1013999999999999","1.1257999999999999","1.1245000000000001","1.1220000000000001","1.1361000000000001","1.1553","1.1963999999999999","1.1926000000000001","1.1822999999999999","1.1566000000000001","1.1515","1.1451","1.1398999999999999","1.1374","1.1451","1.1271","1.1322000000000001","1.1335","1.1257999999999999","1.1592","1.1733","1.1746000000000001","1.1963999999999999","1.2528999999999999","1.2401","1.2054","1.2387999999999999","1.2696000000000001","1.2810999999999999","1.2837000000000001","1.2837000000000001","1.3735999999999999","1.7189000000000001","2.4312999999999998","3.3902000000000001","3.4416000000000002","4.5225","5.3503999999999996","5.3183999999999996","5.2874999999999996","5.4737","6.1489000000000003","6.6329000000000002","6.0641999999999996","5.62","5.7099000000000002","5.5289000000000001","4.9949000000000003","4.8639000000000001","4.5763999999999996","4.3402000000000003","4.4017999999999997","4.7343000000000002","5.1822999999999997","5.5801999999999996","5.8266999999999998","6.7996999999999996","7.8677999999999999","9.0937000000000001","15.250299999999999","67.771500000000003","133.47880000000001","157.53020000000001","255.2953","270.30680000000001","274.26830000000001","270.58539999999999","296.86779999999999","309.48009999999999","315.50580000000002","323.98840000000001","333.08339999999998","349.65730000000002","356.40949999999998","373.48520000000002","371.923","381.79969999999997","392.96019999999999","413.00130000000001","444.04489999999998","470.37360000000001","490.80739999999997","500.63159999999999","510.64440000000002","517.15279999999996","531.67139999999995","558.7047","586.64059999999995","619.60329999999999","683.85490000000004","816.82669999999996","957.0616","1115.1746000000001","1317.0218","1480.9512","1714.0231000000001","2076.4557","2464.7534999999998","2867.5853999999999","3297.4121","3646.2566999999999","3959.8009999999999","4201.3491999999997","4395.3787000000002","4613.1682000000001","4918.0731999999998","5218.0757000000003","5552.5045","5852.8523999999998","6098.6727000000001","6338.6392999999998","6678.1040000000003","6938.5493999999999","7058.7560999999996","7185.6392999999998","7299.1682000000001","7486.1540000000005","7686.4980999999998","7873.4840000000004","8067.1502","8227.4236000000001","8367.6636999999992","8534.6175000000003","8681.5352999999996","8962.0154000000002","9028.7972000000009","9169.0372000000007","9416.6008000000002","9700.8407999999999","9810.8690999999999","9829.2080000000005","9820.0385000000006","9810.2181999999993","9918.2387999999992","10026.2593","10075.359399999999","10045.8999"
"1865","1.0705","1.077","1.0457000000000001","1.0169999999999999","1","1.0104","1.0351999999999999","1.077","1.0835999999999999","1.0992","1.1332","1.2806999999999999","1.3576999999999999","1.3903000000000001","1.3903000000000001","1.2598","1.3107","1.2624","1.2466999999999999","1.2924","1.2089000000000001","1.1801999999999999","1.1423000000000001","1.1201000000000001","1.1449","1.1435999999999999","1.141","1.1554","1.1749000000000001","1.2166999999999999","1.2128000000000001","1.2022999999999999","1.1761999999999999","1.171","1.1645000000000001","1.1593","1.1567000000000001","1.1645000000000001","1.1462000000000001","1.1514","1.1527000000000001","1.1449","1.1789000000000001","1.1932","1.1944999999999999","1.2166999999999999","1.2742","1.2611000000000001","1.2258","1.2598","1.2910999999999999","1.3028999999999999","1.3055000000000001","1.3055000000000001","1.3969","1.748","2.4725999999999999","3.4478","3.5","4.5991999999999997","5.4413","5.4085999999999999","5.3773","5.5666000000000002","6.2533000000000003","6.7454000000000001","6.1670999999999996","5.7153999999999998","5.8068","5.6227","5.0796000000000001","4.9465000000000003","4.6539999999999999","4.4138000000000002","4.4764999999999997","4.8146000000000004","5.2702","5.6749000000000001","5.9256000000000002","6.9150999999999998","8.0013000000000005","9.2479999999999993","15.5091","68.921700000000001","135.7441","160.2037","259.62790000000001","274.89429999999999","278.923","275.17750000000001","301.90600000000001","314.73239999999998","320.8603","329.48689999999999","338.73630000000003","355.59140000000002","362.45819999999998","379.82380000000001","378.23500000000001","388.27940000000001","399.62920000000003","420.0104","451.58089999999999","478.35640000000001","499.13709999999998","509.12790000000001","519.3107","525.92949999999996","540.69449999999995","568.18669999999997","596.59659999999997","630.11879999999996","695.46079999999995","830.6893","973.30420000000004","1134.1005","1339.3733999999999","1506.0849000000001","1743.1123","2111.6958","2506.5835999999999","2916.252","3353.3733999999999","3708.1383999999998","4027.0039000000002","4272.6513999999997","4469.9739","4691.4594999999999","5001.5392000000002","5306.6332000000002","5646.7376000000004","5952.1827999999996","6202.1749","6446.2141000000001","6791.4399000000003","7056.3055000000004","7178.5522000000001","7307.5888000000004","7423.0443999999998","7613.2037","7816.9477999999999","8007.107","8204.0601000000006","8367.0535","8509.6736000000001","8679.4608000000007","8828.8721000000005","9114.1123000000007","9182.0274000000009","9324.6474999999991","9576.4125000000004","9865.4765000000007","9977.3721000000005","9996.0221999999994","9986.6970999999994","9976.7101999999995","10086.564","10196.417799999999","10246.351199999999","10216.391600000001"
"1866","1.0593999999999999","1.0659000000000001","1.0348999999999999","1.0065","0.98970000000000002","1","1.0245","1.0659000000000001","1.0724","1.0879000000000001","1.1214","1.2674000000000001","1.3436999999999999","1.3759999999999999","1.3759999999999999","1.2467999999999999","1.2971999999999999","1.2494000000000001","1.2339","1.2790999999999999","1.1963999999999999","1.1679999999999999","1.1305000000000001","1.1085","1.1331","1.1317999999999999","1.1292","1.1434","1.1628000000000001","1.2040999999999999","1.2002999999999999","1.1899","1.1640999999999999","1.1589","1.1525000000000001","1.1473","1.1447000000000001","1.1525000000000001","1.1344000000000001","1.1395","1.1408","1.1331","1.1667000000000001","1.1809000000000001","1.1821999999999999","1.2040999999999999","1.2609999999999999","1.2481","1.2132000000000001","1.2467999999999999","1.2778","1.2894000000000001","1.292","1.292","1.3824000000000001","1.73","2.4470000000000001","3.4121000000000001","3.4638","4.5517000000000003","5.3849999999999998","5.3526999999999996","5.3216999999999999","5.5090000000000003","6.1886000000000001","6.6757","6.1033999999999997","5.6562999999999999","5.7468000000000004","5.5646000000000004","5.0270999999999999","4.8952999999999998","4.6059000000000001","4.3681999999999999","4.4302000000000001","4.7648999999999999","5.2157999999999998","5.6162999999999998","5.8643000000000001","6.8437000000000001","7.9185999999999996","9.1524999999999999","15.348800000000001","68.209299999999999","134.34110000000001","158.5478","256.94439999999997","272.053","276.0401","272.33330000000001","298.78550000000001","311.47930000000002","317.54390000000001","326.08139999999997","335.23509999999999","351.916","358.71190000000001","375.89789999999999","374.32560000000001","384.26609999999999","395.49869999999999","415.66930000000002","446.91340000000002","473.41210000000001","493.97800000000001","503.86559999999997","513.94320000000005","520.49350000000004","535.10590000000002","562.31399999999996","590.43020000000001","623.60590000000002","688.27260000000001","822.10339999999997","963.24419999999998","1122.3786","1325.5297","1490.5181","1725.0956000000001","2089.8694999999998","2480.6756999999998","2886.1098000000002","3318.7132000000001","3669.8114","3985.3811000000001","4228.4897000000001","4423.7726000000002","4642.9690000000001","4949.8437000000004","5251.7842000000001","5588.3734000000004","5890.6615000000002","6138.0698000000002","6379.5865999999996","6721.2442000000001","6983.3720999999996","7104.3553000000002","7232.0581000000002","7346.3203999999996","7534.5141999999996","7736.1525000000001","7924.3463000000002","8119.2636000000002","8280.5723999999991","8421.7183000000005","8589.7505999999994","8737.6175999999996","9019.9096000000009","9087.1226999999999","9228.2687000000005","9477.4315000000006","9763.5077999999994","9874.2468000000008","9892.7041000000008","9883.4755000000005","9873.5917000000009","9982.3101000000006","10091.028399999999","10140.4457","10110.795899999999"
"1867","1.034","1.0404","1.0101","0.98229999999999995","0.96599999999999997","0.97599999999999998","1","1.0404","1.0467","1.0618000000000001","1.0946","1.2371000000000001","1.3115000000000001","1.343","1.343","1.2169000000000001","1.2661","1.2194","1.2042999999999999","1.2484","1.1677","1.1399999999999999","1.1033999999999999","1.0820000000000001","1.1059000000000001","1.1047","1.1021000000000001","1.1160000000000001","1.1349","1.1753","1.1715","1.1614","1.1362000000000001","1.1311","1.1248","1.1197999999999999","1.1173","1.1248","1.1072","1.1122000000000001","1.1134999999999999","1.1059000000000001","1.1387","1.1526000000000001","1.1537999999999999","1.1753","1.2307999999999999","1.2181999999999999","1.1840999999999999","1.2169000000000001","1.2472000000000001","1.2585","1.2609999999999999","1.2609999999999999","1.3492999999999999","1.6884999999999999","2.3883999999999999","3.3304","3.3807999999999998","4.4425999999999997","5.2560000000000002","5.2244999999999999","5.1942000000000004","5.3769999999999998","6.0404","6.5157999999999996","5.9570999999999996","5.5208000000000004","5.6090999999999998","5.4313000000000002","4.9066999999999998","4.7781000000000002","4.4955999999999996","4.2636000000000003","4.3240999999999996","4.6506999999999996","5.0907999999999998","5.4817","5.7237999999999998","6.6797000000000004","7.7289000000000003","8.9331999999999994","14.9811","66.575000000000003","131.1223","154.7491","250.78809999999999","265.53469999999999","269.42619999999999","265.80829999999997","291.62670000000003","304.01639999999998","309.9357","318.26859999999999","327.20299999999997","343.48419999999999","350.1173","366.89159999999998","365.3569","375.05930000000001","386.02269999999999","405.71","436.20549999999997","462.06939999999997","482.14249999999998","491.79320000000001","501.6293","508.02269999999999","522.28499999999997","548.84109999999998","576.28369999999995","608.66459999999995","671.78179999999998","802.40610000000004","940.16520000000003","1095.4867999999999","1293.7705000000001","1454.8058000000001","1683.7628999999999","2039.797","2421.2395999999999","2816.9596000000001","3239.1979999999999","3581.884","3889.8928000000001","4127.1764999999996","4317.7806","4531.7250999999997","4831.2471999999998","5125.9533000000001","5454.4778999999999","5749.5232999999998","5991.0038000000004","6226.7339000000002","6560.2055","6816.0529999999999","6934.1374999999998","7058.7806","7170.3051999999998","7353.9898999999996","7550.7969999999996","7734.4817000000003","7924.7289000000001","8082.1728000000003","8219.9369000000006","8383.9433000000008","8528.2672999999995","8803.7957000000006","8869.3984999999993","9007.1627000000008","9250.3556000000008","9529.5776000000005","9637.6633000000002","9655.6784000000007","9646.6708999999992","9637.0239999999994","9743.1375000000007","9849.2508999999991","9897.4842000000008","9868.5447999999997"
"1868","0.99390000000000001","1","0.97089999999999999","0.94420000000000004","0.92849999999999999","0.93820000000000003","0.96120000000000005","1","1.0061","1.0206","1.0521","1.1891","1.2605999999999999","1.2908999999999999","1.2908999999999999","1.1697","1.2170000000000001","1.1720999999999999","1.1576","1.2","1.1224000000000001","1.0958000000000001","1.0606","1.04","1.0629999999999999","1.0618000000000001","1.0593999999999999","1.0727","1.0909","1.1296999999999999","1.1261000000000001","1.1164000000000001","1.0921000000000001","1.0872999999999999","1.0811999999999999","1.0764","1.0739000000000001","1.0811999999999999","1.0642","1.0690999999999999","1.0703","1.0629999999999999","1.0945","1.1079000000000001","1.1091","1.1296999999999999","1.1830000000000001","1.1709000000000001","1.1382000000000001","1.1697","1.1988000000000001","1.2097","1.2121","1.2121","1.2969999999999999","1.623","2.2957999999999998","3.2012","3.2496999999999998","4.2702999999999998","5.0521000000000003","5.0217999999999998","4.9927000000000001","5.1684999999999999","5.8060999999999998","6.2629999999999999","5.7260999999999997","5.3067000000000002","5.3914999999999997","5.2206000000000001","4.7164000000000001","4.5926999999999998","4.3212000000000002","4.0982000000000003","4.1563999999999997","4.4702999999999999","4.8933","5.2690999999999999","5.5018000000000002","6.4206000000000003","7.4291","8.5867000000000004","14.4","63.992699999999999","126.0364","148.7467","241.06059999999999","255.23519999999999","258.97579999999999","255.4982","280.3152","292.2242","297.91390000000001","305.92360000000002","314.51150000000001","330.16120000000001","336.53699999999998","352.66059999999999","351.18549999999999","360.51150000000001","371.04969999999997","389.97329999999999","419.28609999999998","444.14670000000001","463.44119999999998","472.7176","482.1721","488.31760000000003","502.02670000000001","527.55269999999996","553.93089999999995","585.05579999999998","645.72479999999996","771.28240000000005","903.69820000000004","1052.9952000000001","1243.5879","1398.377","1618.4532999999999","1960.6776","2327.3247999999999","2707.6958","3113.5563999999999","3442.9503","3739.0120999999999","3967.0920999999998","4150.3029999999999","4355.9490999999998","4643.8532999999998","4927.1284999999998","5242.9102999999996","5526.5114999999996","5758.6255000000001","5985.2120999999997","6305.7491","6551.6727000000001","6665.1769999999997","6784.9854999999998","6892.1841999999997","7068.7442000000001","7257.9175999999998","7434.4776000000002","7617.3455000000004","7768.6823999999997","7901.1030000000001","8058.7479000000003","8197.4739000000009","8462.3151999999991","8525.3732999999993","8657.7939000000006","8891.5539000000008","9159.9454999999998","9263.8387999999995","9281.1551999999992","9272.4969999999994","9263.2242000000006","9365.2217999999993","9467.2194","9513.5817999999999","9485.7648000000008"
"1869","0.98799999999999999","0.99399999999999999","0.96509999999999996","0.93859999999999999","0.92290000000000005","0.9325","0.95540000000000003","0.99399999999999999","1","1.0145","1.0458000000000001","1.1819","1.2529999999999999","1.2830999999999999","1.2830999999999999","1.1627000000000001","1.2096","1.1651","1.1506000000000001","1.1928000000000001","1.1156999999999999","1.0891999999999999","1.0542","1.0337000000000001","1.0566","1.0553999999999999","1.0529999999999999","1.0663","1.0843","1.1229","1.1193","1.1095999999999999","1.0854999999999999","1.0807","1.0747","1.0699000000000001","1.0674999999999999","1.0747","1.0578000000000001","1.0627","1.0639000000000001","1.0566","1.0880000000000001","1.1012","1.1024","1.1229","1.1758999999999999","1.1638999999999999","1.1313","1.1627000000000001","1.1916","1.2023999999999999","1.2048000000000001","1.2048000000000001","1.2891999999999999","1.6133","2.2818999999999998","3.1819000000000002","3.2301000000000002","4.2446000000000002","5.0217000000000001","4.9916","4.9626999999999999","5.1372999999999998","5.7710999999999997","6.2252999999999998","5.6916000000000002","5.2747000000000002","5.359","5.1891999999999996","4.6879999999999997","4.5651000000000002","4.2952000000000004","4.0735000000000001","4.1313000000000004","4.4433999999999996","4.8639000000000001","5.2373000000000003","5.4687000000000001","6.3818999999999999","7.3842999999999996","8.5349000000000004","14.3133","63.607199999999999","125.2771","147.85059999999999","239.60839999999999","253.69759999999999","257.41570000000002","253.959","278.62650000000002","290.46390000000002","296.11930000000001","304.08069999999998","312.61689999999999","328.17230000000001","334.50959999999998","350.53609999999998","349.06990000000002","358.33980000000003","368.81450000000001","387.6241","416.7602","441.47109999999998","460.64940000000001","469.86989999999997","479.26749999999998","485.3759","499.00240000000002","524.37469999999996","550.59400000000005","581.53129999999999","641.83489999999995","766.63610000000006","898.25419999999997","1046.6518000000001","1236.0963999999999","1389.953","1608.7036000000001","1948.8662999999999","2313.3047999999999","2691.3843000000002","3094.8","3422.2096000000001","3716.4879999999998","3943.194","4125.3011999999999","4329.7084000000004","4615.8783000000003","4897.4470000000001","5211.3265000000001","5493.2192999999997","5723.9349000000002","5949.1566000000003","6267.7627000000002","6512.2048000000004","6625.0253000000002","6744.1120000000001","6850.6651000000002","7026.1614","7214.1952000000001","7389.6916000000001","7571.4578000000001","7721.8831","7853.5060000000003","8010.2012000000004","8148.0915999999997","8411.3372999999992","8474.0156999999999","8605.6386000000002","8837.9904000000006","9104.7651000000005","9208.0324999999993","9225.2446","9216.6386000000002","9207.4217000000008","9308.8047999999999","9410.1880000000001","9456.2710999999999","9428.6216999999997"
"1870","0.97389999999999999","0.9798","0.95130000000000003","0.92520000000000002","0.90969999999999995","0.91920000000000002","0.94179999999999997","0.9798","0.98570000000000002","1","1.0308999999999999","1.1651","1.2352000000000001","1.2647999999999999","1.2647999999999999","1.1460999999999999","1.1923999999999999","1.1485000000000001","1.1342000000000001","1.1758","1.0998000000000001","1.0736000000000001","1.0391999999999999","1.0189999999999999","1.0416000000000001","1.0404","1.038","1.0510999999999999","1.0689","1.1069","1.1032999999999999","1.0938000000000001","1.0701000000000001","1.0652999999999999","1.0593999999999999","1.0546","1.0523","1.0593999999999999","1.0427999999999999","1.0475000000000001","1.0487","1.0416000000000001","1.0724","1.0854999999999999","1.0867","1.1069","1.1591","1.1473","1.1152","1.1460999999999999","1.1746000000000001","1.1853","1.1876","1.1876","1.2707999999999999","1.5903","2.2494000000000001","3.1366000000000001","3.1840999999999999","4.1840999999999999","4.9500999999999999","4.9203999999999999","4.8918999999999997","5.0640999999999998","5.6887999999999996","6.1365999999999996","5.6105","5.1994999999999996","5.2827000000000002","5.1151999999999997","4.6211000000000002","4.5","4.234","4.0153999999999996","4.0724","4.38","4.7945000000000002","5.1627000000000001","5.3906999999999998","6.2910000000000004","7.2790999999999997","8.4132999999999996","14.109299999999999","62.700699999999998","123.49169999999999","145.74350000000001","236.1936","250.08189999999999","253.74700000000001","250.33969999999999","274.65559999999999","286.32420000000002","291.899","299.74700000000001","308.16149999999999","323.49520000000001","329.7423","345.54039999999998","344.09500000000003","353.2328","363.5582","382.09980000000002","410.82069999999999","435.17930000000001","454.08429999999998","463.17340000000002","472.43709999999999","478.45839999999998","491.89069999999998","516.90139999999997","542.74699999999996","573.24350000000004","632.68759999999997","755.71019999999999","885.45249999999999","1031.7352000000001","1218.4798000000001","1370.1437000000001","1585.7766999999999","1921.0914","2280.3361","2653.0273000000002","3050.6936000000001","3373.4371000000001","3663.5214000000001","3886.9964","4066.5083","4268.0024000000003","4550.0937999999996","4827.6495999999997","5137.0558000000001","5414.9310999999998","5642.3586999999998","5864.3705","6178.4359000000004","6419.3942999999999","6530.6068999999998","6647.9964","6753.0308999999997","6926.0261","7111.38","7284.3752999999997","7463.5510999999997","7611.8325000000004","7741.5796","7896.0415999999996","8031.9666999999999","8291.4608000000007","8353.2458000000006","8482.9928999999993","8712.0332999999991","8975.0059000000001","9076.8017","9093.7684000000008","9085.2849999999999","9076.1995000000006","9176.1378000000004","9276.0759999999991","9321.5023999999994","9294.2469999999994"
"1871","0.94469999999999998","0.95050000000000001","0.92279999999999995","0.89749999999999996","0.88249999999999995","0.89170000000000005","0.91359999999999997","0.95050000000000001","0.95620000000000005","0.97","1","1.1302000000000001","1.1981999999999999","1.2270000000000001","1.2270000000000001","1.1117999999999999","1.1567000000000001","1.1141000000000001","1.1002000000000001","1.1406000000000001","1.0668","1.0415000000000001","1.0081","0.98850000000000005","1.0104","1.0092000000000001","1.0068999999999999","1.0196000000000001","1.0368999999999999","1.0737000000000001","1.0703","1.0610999999999999","1.038","1.0334000000000001","1.0276000000000001","1.0229999999999999","1.0206999999999999","1.0276000000000001","1.0115000000000001","1.0161","1.0173000000000001","1.0104","1.0403","1.0529999999999999","1.0541","1.0737000000000001","1.1244000000000001","1.1129","1.0818000000000001","1.1117999999999999","1.1394","1.1497999999999999","1.1520999999999999","1.1520999999999999","1.2326999999999999","1.5426","2.1819999999999999","3.0426000000000002","3.0886999999999998","4.0587999999999997","4.8018000000000001","4.7729999999999997","4.7454000000000001","4.9123999999999999","5.5183999999999997","5.9527999999999999","5.4424000000000001","5.0438000000000001","5.1243999999999996","4.9619999999999997","4.4827000000000004","4.3651999999999997","4.1071","3.8952","3.9504999999999999","4.2488000000000001","4.6509","5.0080999999999998","5.2293000000000003","6.1025","7.0610999999999997","8.1613000000000007","13.6866","60.822600000000001","119.79259999999999","141.37790000000001","229.11869999999999","242.59100000000001","246.1463","242.84100000000001","266.42860000000002","277.74770000000001","283.15550000000002","290.76839999999999","298.93090000000001","313.80529999999999","319.86520000000002","335.19009999999997","333.78800000000001","342.65210000000002","352.66820000000001","370.65440000000001","398.51499999999999","422.14400000000001","440.48270000000002","449.29950000000002","458.28570000000002","464.12670000000003","477.1567","501.41820000000001","526.4896","556.07259999999997","613.73620000000005","733.07370000000003","858.92970000000003","1000.8306","1181.9816000000001","1329.1025","1538.2764999999999","1863.5472","2212.0311000000002","2573.5587999999998","2959.3134","3272.3894","3553.7846","3770.5657000000001","3944.7004999999999","4140.1589999999997","4413.8006999999998","4683.0425999999998","4983.1809000000003","5252.7326999999996","5473.3478999999998","5688.7097000000003","5993.3675000000003","6227.1082999999999","6334.9895999999999","6448.8629000000001","6550.7511999999997","6718.5645000000004","6898.3663999999999","7066.1796999999997","7239.9885000000004","7383.8283000000001","7509.6889000000001","7659.5241999999998","7791.3779000000004","8043.0991000000004","8103.0334000000003","8228.8940000000002","8451.0737000000008","8706.1694000000007","8804.9159","8821.3744000000006","8813.1452000000008","8804.3317999999999","8901.2764999999999","8998.2212","9042.2868999999992","9015.8479000000007"
"1872","0.83589999999999998","0.84099999999999997","0.8165","0.79410000000000003","0.78080000000000005","0.78900000000000003","0.80840000000000001","0.84099999999999997","0.84609999999999996","0.85829999999999995","0.88480000000000003","1","1.0601","1.0855999999999999","1.0855999999999999","0.98370000000000002","1.0234000000000001","0.98570000000000002","0.97350000000000003","1.0092000000000001","0.94389999999999996","0.92149999999999999","0.89190000000000003","0.87460000000000004","0.89400000000000002","0.89300000000000002","0.89090000000000003","0.90210000000000001","0.91739999999999999","0.95009999999999994","0.94699999999999995","0.93879999999999997","0.91849999999999998","0.91439999999999999","0.9093","0.9052","0.9032","0.9093","0.89500000000000002","0.89910000000000001","0.90010000000000001","0.89400000000000002","0.92049999999999998","0.93169999999999997","0.93269999999999997","0.95009999999999994","0.99490000000000001","0.98470000000000002","0.95720000000000005","0.98370000000000002","1.0082","1.0173000000000001","1.0194000000000001","1.0194000000000001","1.0907","1.3649","1.9307000000000001","2.6922000000000001","2.7328999999999999","3.5912000000000002","4.2487000000000004","4.2232000000000003","4.1988000000000003","4.3465999999999996","4.8827999999999996","5.2671000000000001","4.8155000000000001","4.4627999999999997","4.5340999999999996","4.3903999999999996","3.9664000000000001","3.8624000000000001","3.6339999999999999","3.4464999999999999","3.4954000000000001","3.7593999999999999","4.1151999999999997","4.4311999999999996","4.6269","5.3996000000000004","6.2477","7.2211999999999996","12.110099999999999","53.816499999999998","105.9939","125.0928","202.7268","214.6473","217.79310000000001","214.86850000000001","235.739","245.7543","250.53919999999999","257.27519999999998","264.4975","277.6585","283.0204","296.58","295.33940000000001","303.1825","312.04489999999998","327.95920000000001","352.61059999999998","373.51780000000002","389.7441","397.54539999999997","405.49639999999999","410.66460000000001","422.19369999999998","443.66059999999999","465.84399999999999","492.01940000000002","543.04079999999999","648.63199999999995","759.99080000000004","885.54639999999995","1045.8308","1176.0051000000001","1361.0845999999999","1648.8878999999999","1957.2303999999999","2277.1142","2618.4342999999999","2895.4475000000002","3144.4292","3336.2395999999999","3490.3159999999998","3663.2599","3905.3811999999998","4143.6095999999998","4409.1752999999999","4647.6778999999997","4842.8806999999997","5033.4353000000001","5303","5509.8164999999999","5605.2712000000001","5706.0275000000001","5796.1794","5944.6625999999997","6103.7533000000003","6252.2365","6406.0245000000004","6533.2956000000004","6644.6584999999995","6777.2344999999996","6893.9000999999998","7116.6259","7169.6565000000001","7281.0194000000001","7477.6064999999999","7703.3180000000002","7790.6900999999998","7805.2528000000002","7797.9714999999997","7790.1733000000004","7875.9511000000002","7961.7287999999999","8000.7187000000004","7977.3252000000002"
"1873","0.78849999999999998","0.79330000000000001","0.7702","0.749","0.73650000000000004","0.74419999999999997","0.76249999999999996","0.79330000000000001","0.79810000000000003","0.80959999999999999","0.83460000000000001","0.94330000000000003","1","1.024","1.024","0.92789999999999995","0.96540000000000004","0.92979999999999996","0.91830000000000001","0.95189999999999997","0.89039999999999997","0.86919999999999997","0.84130000000000005","0.82499999999999996","0.84330000000000005","0.84230000000000005","0.84040000000000004","0.85099999999999998","0.86539999999999995","0.8962","0.89329999999999998","0.88560000000000005","0.86629999999999996","0.86250000000000004","0.85770000000000002","0.8538","0.85189999999999999","0.85770000000000002","0.84419999999999995","0.84809999999999997","0.84899999999999998","0.84330000000000005","0.86829999999999996","0.87880000000000003","0.87980000000000003","0.8962","0.9385","0.92879999999999996","0.90290000000000004","0.92789999999999995","0.95099999999999996","0.95960000000000001","0.96150000000000002","0.96150000000000002","1.0287999999999999","1.2875000000000001","1.8211999999999999","2.5394000000000001","2.5779000000000001","3.3875000000000002","4.0076999999999998","3.9836999999999998","3.9605999999999999","4.0999999999999996","4.6058000000000003","4.9683000000000002","4.5423","4.2096","4.2769000000000004","4.1413000000000002","3.7412999999999998","3.6433","3.4279000000000002","3.2509999999999999","3.2970999999999999","3.5461999999999998","3.8816999999999999","4.1798000000000002","4.3643999999999998","5.0933000000000002","5.8933","6.8114999999999997","11.4231","50.763500000000001","99.980800000000002","117.9962","191.226","202.47020000000001","205.4375","202.6788","222.36539999999999","231.8125","236.32599999999999","242.6798","249.4923","261.9067","266.96440000000001","279.75479999999999","278.58460000000002","285.98270000000002","294.34230000000002","309.35379999999998","332.60669999999999","352.3279","367.63369999999998","374.9923","382.4923","387.3673","398.2423","418.49130000000002","439.41629999999998","464.10669999999999","512.2337","611.83460000000002","716.87599999999998","835.30870000000004","986.5","1109.2893999999999","1283.8692000000001","1555.3452","1846.1952000000001","2147.9317000000001","2469.8885","2731.1864999999998","2966.0432999999998","3146.9721","3292.3076999999998","3455.4404","3683.826","3908.5394000000001","4159.0393999999997","4384.0114999999996","4568.1404000000002","4747.8846000000003","5002.1566999999995","5197.2403999999997","5287.2798000000003","5382.3202000000001","5467.3576999999996","5607.4173000000001","5757.4826999999996","5897.5423000000001","6042.6058000000003","6162.6566999999995","6267.7019","6392.7566999999999","6502.8037999999997","6712.8941999999997","6762.9162999999999","6867.9615000000003","7053.3962000000001","7266.3028999999997","7348.7183000000005","7362.4548000000004","7355.5865000000003","7348.2308000000003","7429.1423000000004","7510.0537999999997","7546.8316999999997","7524.7654000000002"
"1874","0.77","0.77459999999999996","0.75209999999999999","0.73150000000000004","0.71919999999999995","0.7268","0.74460000000000004","0.77459999999999996","0.77929999999999999","0.79059999999999997","0.81499999999999995","0.92110000000000003","0.97650000000000003","1","1","0.90610000000000002","0.94269999999999998","0.90800000000000003","0.89670000000000005","0.92959999999999998","0.86950000000000005","0.8488","0.8216","0.80559999999999998","0.82350000000000001","0.82250000000000001","0.82069999999999999","0.83099999999999996","0.84509999999999996","0.87509999999999999","0.87229999999999996","0.86480000000000001","0.84599999999999997","0.84230000000000005","0.83760000000000001","0.83379999999999999","0.83189999999999997","0.83760000000000001","0.82440000000000002","0.82820000000000005","0.82909999999999995","0.82350000000000001","0.84789999999999999","0.85819999999999996","0.85919999999999996","0.87509999999999999","0.91639999999999999","0.90700000000000003","0.88170000000000004","0.90610000000000002","0.92859999999999998","0.93710000000000004","0.93899999999999995","0.93899999999999995","1.0046999999999999","1.2573000000000001","1.7784","2.4798","2.5173999999999999","3.3079999999999998","3.9136000000000002","3.8900999999999999","3.8675999999999999","4.0038","4.4977","4.8516000000000004","4.4356999999999998","4.1108000000000002","4.1764999999999999","4.0441000000000003","3.6535000000000002","3.5577000000000001","3.3473999999999999","3.1745999999999999","3.2197","3.4628999999999999","3.7906","4.0816999999999997","4.2619999999999996","4.9737","5.7549000000000001","6.6516000000000002","11.1549","49.571800000000003","97.633799999999994","115.22629999999999","186.7371","197.7174","200.61500000000001","197.9211","217.1455","226.37090000000001","230.7784","236.98310000000001","243.63570000000001","255.7587","260.6977","273.18779999999998","272.04509999999999","279.26949999999999","287.43290000000002","302.09199999999998","324.79910000000001","344.0573","359.00380000000001","366.18970000000002","373.5136","378.27420000000001","388.89389999999997","408.66759999999999","429.10140000000001","453.2122","500.20940000000002","597.47230000000002","700.04790000000003","815.70050000000003","963.34270000000004","1083.2498000000001","1253.7315000000001","1518.8347000000001","1802.8572999999999","2097.5108","2411.9099000000001","2667.0742","2896.4178000000002","3073.0994999999998","3215.0234999999998","3374.3267999999998","3597.3512000000001","3816.7896999999998","4061.4094","4281.1004999999996","4460.9070000000002","4636.4318999999996","4884.7352000000001","5075.2394000000004","5163.1652999999997","5255.9745999999996","5339.0159999999996","5475.7878000000001","5622.3305","5759.1022999999996","5900.7605999999996","6017.9934000000003","6120.5727999999999","6242.692","6350.1558999999997","6555.3145999999997","6604.1624000000002","6706.7417999999998","6887.8235000000004","7095.7323999999999","7176.2130999999999","7189.6271999999999","7182.9201999999996","7175.7371000000003","7254.7493000000004","7333.7614999999996","7369.6760999999997","7348.1277"
"1875","0.89910000000000001","0.90459999999999996","0.87829999999999997","0.85419999999999996","0.83989999999999998","0.84870000000000001","0.86950000000000005","0.90459999999999996","0.91010000000000002","0.92320000000000002","0.95179999999999998","1.0757000000000001","1.1404000000000001","1.1677999999999999","1.1677999999999999","1.0581","1.1009","1.0603","1.0470999999999999","1.0854999999999999","1.0154000000000001","0.99119999999999997","0.95940000000000003","0.94079999999999997","0.96160000000000001","0.96050000000000002","0.95830000000000004","0.97040000000000004","0.98680000000000001","1.0219","1.0185999999999999","1.0099","0.9879","0.98360000000000003","0.97809999999999997","0.97370000000000001","0.97150000000000003","0.97809999999999997","0.9627","0.96709999999999996","0.96819999999999995","0.96160000000000001","0.99009999999999998","1.0022","1.0033000000000001","1.0219","1.0702","1.0591999999999999","1.0296000000000001","1.0581","1.0844","1.0943000000000001","1.0965","1.0965","1.1732","1.4681999999999999","2.0768","2.8957999999999999","2.9397000000000002","3.8628999999999998","4.5701999999999998","4.5427999999999997","4.5164","4.6753999999999998","5.2522000000000002","5.6656000000000004","5.1798000000000002","4.8003999999999998","4.8772000000000002","4.7225999999999999","4.2664","4.1546000000000003","3.9089999999999998","3.7071999999999998","3.7599","4.0438999999999998","4.4264999999999999","4.7664","4.9770000000000003","5.8080999999999996","6.7203999999999997","7.7675000000000001","13.026300000000001","57.888199999999998","114.0132","134.55699999999999","218.06469999999999","230.8871","234.27080000000001","231.125","253.5746","264.3476","269.49450000000002","276.74009999999998","284.50880000000001","298.66559999999998","304.43310000000002","319.01859999999999","317.68419999999998","326.12060000000002","335.65350000000001","352.77190000000002","379.28840000000002","401.7774","419.23140000000001","427.62279999999998","436.17540000000002","441.7346","454.13600000000002","477.22699999999998","501.08879999999999","529.24450000000002","584.12609999999995","697.70609999999999","817.49009999999998","952.54499999999996","1124.9561000000001","1264.9792","1464.0614","1773.6393","2105.3103000000001","2449.3957999999998","2816.5394999999999","3114.511","3382.33","3588.6523999999999","3754.386","3940.4144999999999","4200.8541999999998","4457.1063999999997","4742.7642999999998","4999.3113999999996","5209.2829000000002","5414.2543999999998","5704.2138000000004","5926.6776","6029.3541999999998","6137.7335999999996","6234.7061000000003","6394.4232000000002","6565.5504000000001","6725.2674999999999","6890.6908000000003","7027.5910000000003","7147.3793999999998","7289.9857000000002","7415.4781000000003","7655.0547999999999","7712.0976000000001","7831.8860000000004","8043.3464999999997","8286.1348999999991","8380.1172999999999","8395.7818000000007","8387.9495999999999","8379.5614000000005","8471.8289000000004","8564.0964999999997","8606.0362000000005","8580.8727999999992"
"1876","0.84970000000000001","0.85489999999999999","0.83009999999999995","0.80730000000000002","0.79379999999999995","0.80210000000000004","0.82179999999999997","0.85489999999999999","0.86009999999999998","0.87250000000000005","0.89949999999999997","1.0165999999999999","1.0777000000000001","1.1035999999999999","1.1035999999999999","1","1.0404","1.0021","0.98960000000000004","1.0259","0.95960000000000001","0.93679999999999997","0.90669999999999995","0.8891","0.90880000000000005","0.90780000000000005","0.90569999999999995","0.91710000000000003","0.93259999999999998","0.96579999999999999","0.9627","0.95440000000000003","0.93369999999999997","0.92949999999999999","0.9244","0.92020000000000002","0.91810000000000003","0.9244","0.90980000000000005","0.91400000000000003","0.91500000000000004","0.90880000000000005","0.93579999999999997","0.94720000000000004","0.94820000000000004","0.96579999999999999","1.0114000000000001","1.0009999999999999","0.97309999999999997","1","1.0248999999999999","1.0342","1.0363","1.0363","1.1088","1.3875999999999999","1.9626999999999999","2.7368000000000001","2.7782","3.6507999999999998","4.3192000000000004","4.2933000000000003","4.2683999999999997","4.4187000000000003","4.9637000000000002","5.3544","4.8952999999999998","4.5368000000000004","4.6093000000000002","4.4631999999999996","4.0320999999999998","3.9264000000000001","3.6943000000000001","3.5036","3.5533999999999999","3.8218000000000001","4.1833999999999998","4.5046999999999997","4.7035999999999998","5.4890999999999996","6.3513000000000002","7.3409000000000004","12.3109","54.708799999999997","107.7513","127.16679999999999","206.0881","218.2062","221.4041","218.43109999999999","239.64769999999999","249.82900000000001","254.69329999999999","261.54090000000002","268.88290000000001","282.26220000000001","287.71300000000002","301.49740000000003","300.23630000000003","308.20929999999998","317.21870000000001","333.39690000000002","358.45699999999999","379.71089999999998","396.20620000000002","404.13679999999999","412.21969999999999","417.47359999999998","429.19380000000001","451.01659999999998","473.56790000000001","500.17720000000003","552.04459999999995","659.38649999999996","772.59169999999995","900.22900000000004","1063.171","1195.5036","1383.6518000000001","1676.2268999999999","1989.6819","2314.8694","2661.8487","2943.4549000000002","3196.5648000000001","3391.5554000000002","3548.1864999999998","3723.9978999999998","3970.1336999999999","4212.3118999999997","4482.2808000000005","4724.7377999999999","4923.1772000000001","5116.8912","5390.9254000000001","5601.1710000000003","5698.2083000000002","5800.6351999999997","5892.2819","6043.2268999999997","6204.9553999999998","6355.9004999999997","6512.2383","6641.6197000000002","6754.8289999999997","6889.6031000000003","7008.2030999999997","7234.6217999999999","7288.5316000000003","7401.7408999999998","7601.5875999999998","7831.0415000000003","7919.8621999999996","7934.6662999999999","7927.2641999999996","7919.3368","8006.5367999999999","8093.7367999999997","8133.3730999999998","8109.5916999999999"
"1877","0.81669999999999998","0.82169999999999999","0.79779999999999995","0.77590000000000003","0.76290000000000002","0.77090000000000003","0.78979999999999995","0.82169999999999999","0.82669999999999999","0.83860000000000001","0.86450000000000005","0.97709999999999997","1.0359","1.0608","1.0608","0.96120000000000005","1","0.96309999999999996","0.95120000000000005","0.98609999999999998","0.92230000000000001","0.90039999999999998","0.87150000000000005","0.85460000000000003","0.87350000000000005","0.87250000000000005","0.87050000000000005","0.88149999999999995","0.89639999999999997","0.92830000000000001","0.92530000000000001","0.9173","0.89739999999999998","0.89339999999999997","0.88839999999999997","0.88449999999999995","0.88249999999999995","0.88839999999999997","0.87450000000000006","0.87849999999999995","0.87949999999999995","0.87350000000000005","0.89939999999999998","0.91039999999999999","0.91139999999999999","0.92830000000000001","0.97209999999999996","0.96220000000000006","0.93530000000000002","0.96120000000000005","0.98509999999999998","0.99399999999999999","0.996","0.996","1.0657000000000001","1.3337000000000001","1.8865000000000001","2.6305000000000001","2.6703000000000001","3.5089999999999999","4.1513999999999998","4.1265000000000001","4.1025999999999998","4.2469999999999999","4.7709000000000001","5.1463999999999999","4.7051999999999996","4.3605999999999998","4.4302999999999999","4.2897999999999996","3.8755000000000002","3.7738999999999998","3.5508000000000002","3.3675000000000002","3.4152999999999998","3.6732999999999998","4.0209000000000001","4.3296999999999999","4.5209000000000001","5.2759","6.1045999999999996","7.0557999999999996","11.832700000000001","52.5837","103.56570000000001","122.22709999999999","198.08269999999999","209.73009999999999","212.8038","209.9462","230.33860000000001","240.12450000000001","244.7998","251.38149999999999","258.43819999999999","271.2978","276.5369","289.78590000000003","288.57369999999997","296.2371","304.89640000000003","320.44619999999998","344.53289999999998","364.96120000000002","380.81569999999999","388.43819999999999","396.2072","401.25700000000001","412.52190000000002","433.49700000000001","455.17230000000001","480.74799999999999","530.60059999999999","633.77290000000005","742.58069999999998","865.26","1021.8724999999999","1149.0646999999999","1329.9043999999999","1611.1144999999999","1912.3933999999999","2224.9492","2558.4502000000002","2829.1174999999998","3072.3953999999999","3259.8117999999999","3410.3586","3579.3406","3815.9153000000001","4048.6862999999998","4308.1683000000003","4541.2071999999998","4731.9381999999996","4918.1274999999996","5181.5168999999996","5383.5955999999996","5476.8635000000004","5575.3118000000004","5663.3984","5808.4800999999998","5963.9263000000001","6109.0079999999998","6259.2728999999999","6383.6284999999998","6492.4402","6621.9790999999996","6735.9721","6953.5955999999996","7005.4114","7114.2231000000002","7306.3068000000003","7526.8476000000001","7612.2181","7626.4471999999996","7619.3326999999999","7611.7130999999999","7695.5258999999996","7779.3386","7817.4353000000001","7794.5776999999998"
"1878","0.84799999999999998","0.85319999999999996","0.82830000000000004","0.80559999999999998","0.79210000000000003","0.8004","0.82010000000000005","0.85319999999999996","0.85829999999999995","0.87070000000000003","0.89759999999999995","1.0145","1.0754999999999999","1.1012999999999999","1.1012999999999999","0.99790000000000001","1.0383","1","0.98760000000000003","1.0238","0.95760000000000001","0.93489999999999995","0.90490000000000004","0.88729999999999998","0.90690000000000004","0.90590000000000004","0.90380000000000005","0.91520000000000001","0.93069999999999997","0.96379999999999999","0.9607","0.95240000000000002","0.93169999999999997","0.92759999999999998","0.9224","0.91830000000000001","0.91620000000000001","0.9224","0.90800000000000003","0.91210000000000002","0.91310000000000002","0.90690000000000004","0.93379999999999996","0.94520000000000004","0.94620000000000004","0.96379999999999999","1.0093000000000001","0.999","0.97099999999999997","0.99790000000000001","1.0227999999999999","1.0321","1.0341","1.0341","1.1065","1.3847","1.9585999999999999","2.7311000000000001","2.7725","3.6432000000000002","4.3102","4.2843999999999998","4.2595999999999998","4.4095000000000004","4.9535","5.3433000000000002","4.8852000000000002","4.5274000000000001","4.5998000000000001","4.4539999999999997","4.0237999999999996","3.9182999999999999","3.6867000000000001","3.4964","3.5459999999999998","3.8138999999999998","4.1748000000000003","4.4953000000000003","4.6939000000000002","5.4778000000000002","6.3381999999999996","7.3257000000000003","12.285399999999999","54.595700000000001","107.5284","126.9038","205.6618","217.75489999999999","220.9462","217.97929999999999","239.15199999999999","249.31229999999999","254.16650000000001","261","268.32679999999999","281.67840000000001","287.11790000000002","300.87380000000002","299.61529999999999","307.57190000000003","316.56259999999997","332.70729999999998","357.71559999999999","378.9255","395.38679999999999","403.30090000000001","411.36709999999999","416.61009999999999","428.30610000000001","450.0838","472.58839999999998","499.14269999999999","550.90279999999996","658.02279999999996","770.99379999999996","898.36710000000005","1060.9721","1193.0309999999999","1380.7900999999999","1672.7601","1985.5667000000001","2310.0817000000002","2656.3433","2937.3670999999999","3189.9535000000001","3384.5408000000002","3540.848","3716.2957999999999","3961.9223999999999","4203.5998","4473.0102999999999","4714.9659000000001","4912.9948000000004","5106.3082000000004","5379.7755999999999","5589.5862999999999","5686.4229999999998","5788.6381000000001","5880.0950999999995","6030.7280000000001","6192.1220000000003","6342.7548999999999","6498.7694000000001","6627.8831","6740.8582999999999","6875.3536999999997","6993.7084000000004","7219.6587","7273.4570999999996","7386.4323000000004","7585.8656000000001","7814.8449000000001","7903.4818999999998","7918.2554","7910.8687","7902.9575999999997","7989.9772000000003","8076.9969000000001","8116.5511999999999","8092.8190000000004"
"1879","0.85860000000000003","0.8639","0.8387","0.81569999999999998","0.80210000000000004","0.8105","0.83040000000000003","0.8639","0.86909999999999998","0.88170000000000004","0.90890000000000004","1.0271999999999999","1.089","1.1152","1.1152","1.0105","1.0512999999999999","1.0125999999999999","1","1.0366","0.96960000000000002","0.9466","0.91620000000000001","0.89839999999999998","0.91830000000000001","0.9173","0.91520000000000001","0.92669999999999997","0.94240000000000002","0.97589999999999999","0.9728","0.96440000000000003","0.94350000000000001","0.93930000000000002","0.93400000000000005","0.92979999999999996","0.92769999999999997","0.93400000000000005","0.9194","0.92359999999999998","0.92459999999999998","0.91830000000000001","0.94550000000000001","0.95709999999999995","0.95809999999999995","0.97589999999999999","1.022","1.0115000000000001","0.98319999999999996","1.0105","1.0356000000000001","1.0449999999999999","1.0470999999999999","1.0470999999999999","1.1204000000000001","1.4020999999999999","1.9832000000000001","2.7654000000000001","2.8073000000000001","3.6890000000000001","4.3643999999999998","4.3381999999999996","4.3131000000000004","4.4649000000000001","5.0156999999999998","5.4104999999999999","4.9466000000000001","4.5842999999999998","4.6576000000000004","4.5099","4.0743","3.9674999999999998","3.7330000000000001","3.5402999999999998","3.5905999999999998","3.8618000000000001","4.2271999999999998","4.5518000000000001","4.7529000000000003","5.5465999999999998","6.4177999999999997","7.4177999999999997","12.4398","55.281700000000001","108.8796","128.4984","208.24610000000001","220.49109999999999","223.7225","220.7183","242.15710000000001","252.44499999999999","257.36020000000002","264.27960000000002","271.69839999999999","285.21780000000001","290.72570000000002","304.65449999999998","303.38010000000003","311.4366","320.5403","336.88799999999998","362.21050000000002","383.68689999999998","400.35500000000002","408.36860000000001","416.53609999999998","421.84500000000003","433.68799999999999","455.73930000000001","478.52670000000001","505.41469999999998","557.82510000000002","666.29110000000003","780.68169999999998","909.65549999999996","1074.3036999999999","1208.0219999999999","1398.1403","1693.7791","2010.5162","2339.1089000000002","2689.7215000000001","2974.2764000000002","3230.0365999999999","3427.0691000000002","3585.3402999999998","3762.9926999999998","4011.7058000000002","4256.4198999999999","4529.2156999999997","4774.2115000000003","4974.7287999999999","5170.4712","5447.3748999999998","5659.8220000000001","5757.8753999999999","5861.3748999999998","5953.9812000000002","6106.5068000000001","6269.9287999999997","6422.4544999999998","6580.4292999999998","6711.1653999999999","6825.5601999999999","6961.7455","7081.5874000000003","7310.3770000000004","7364.8513000000003","7479.2461000000003","7681.1853000000001","7913.0419000000002","8002.7927","8017.7518","8010.2722999999996","8002.2618000000002","8090.3748999999998","8178.4880000000003","8218.5393000000004","8194.5089000000007"
"1880","0.82830000000000004","0.83330000000000004","0.80910000000000004","0.78690000000000004","0.77370000000000005","0.78180000000000005","0.80100000000000005","0.83330000000000004","0.83840000000000003","0.85050000000000003","0.87680000000000002","0.9909","1.0505","1.0758000000000001","1.0758000000000001","0.97470000000000001","1.0141","0.9768","0.96460000000000001","1","0.93540000000000001","0.91310000000000002","0.88380000000000003","0.86670000000000003","0.88590000000000002","0.88480000000000003","0.88280000000000003","0.89390000000000003","0.90910000000000002","0.94140000000000001","0.93840000000000001","0.93030000000000002","0.91010000000000002","0.90610000000000002","0.90100000000000002","0.89700000000000002","0.89490000000000003","0.90100000000000002","0.88690000000000002","0.89090000000000003","0.89190000000000003","0.88590000000000002","0.91210000000000002","0.92320000000000002","0.92420000000000002","0.94140000000000001","0.9859","0.9758","0.94850000000000001","0.97470000000000001","0.999","1.0081","1.0101","1.0101","1.0808","1.3525","1.9131","2.6677","2.7081","3.5586000000000002","4.2100999999999997","4.1848000000000001","4.1605999999999996","4.3071000000000002","4.8384","5.2191999999999998","4.7717000000000001","4.4222000000000001","4.4928999999999997","4.3505000000000003","3.9302999999999999","3.8273000000000001","3.601","3.4152","3.4636","3.7252999999999998","4.0777999999999999","4.3909000000000002","4.5848000000000004","5.3505000000000003","6.1909000000000001","7.1555999999999997","12","53.327300000000001","105.0303","123.9556","200.88380000000001","212.696","215.81309999999999","212.9152","233.596","243.52019999999999","248.26159999999999","254.93639999999999","262.09289999999999","275.1343","280.44749999999999","293.88380000000001","292.65449999999998","300.42630000000003","309.2081","324.9778","349.4051","370.12220000000002","386.20100000000002","393.93130000000002","401.81009999999998","406.93130000000002","418.35559999999998","439.62729999999999","461.60910000000001","487.54649999999998","538.10400000000004","642.73540000000003","753.08180000000004","877.49599999999998","1036.3232","1165.3141000000001","1348.7111","1633.8979999999999","1939.4374","2256.4131000000002","2594.6302999999998","2869.1253000000002","3115.8434000000002","3305.9101000000001","3458.5859","3629.9576000000002","3869.8778000000002","4105.9404000000004","4369.0919000000004","4605.4263000000001","4798.8545000000004","4987.6768000000002","5254.7909","5459.7272999999996","5554.3140999999996","5654.1544999999996","5743.4868999999999","5890.6202000000003","6048.2646000000004","6195.3980000000001","6347.7879000000003","6473.902","6584.2524999999996","6715.6232","6831.2282999999998","7051.9292999999998","7104.4777999999997","7214.8283000000001","7409.6283000000003","7633.2879000000003","7719.8657000000003","7734.2960000000003","7727.0807999999997","7719.3535000000002","7804.3514999999998","7889.3495000000003","7927.9848000000002","7904.8040000000001"
"1881","0.88549999999999995","0.89090000000000003","0.86499999999999999","0.84130000000000005","0.82720000000000005","0.83589999999999998","0.85640000000000005","0.89090000000000003","0.89629999999999999","0.9093","0.93740000000000001","1.0593999999999999","1.1231","1.1500999999999999","1.1500999999999999","1.0421","1.0842000000000001","1.0443","1.0313000000000001","1.0690999999999999","1","0.97619999999999996","0.94489999999999996","0.92659999999999998","0.94710000000000005","0.94599999999999995","0.94379999999999997","0.95569999999999999","0.97189999999999999","1.0065","1.0032000000000001","0.99460000000000004","0.97299999999999998","0.96870000000000001","0.96330000000000005","0.95899999999999996","0.95679999999999998","0.96330000000000005","0.94820000000000004","0.95250000000000001","0.9536","0.94710000000000005","0.97519999999999996","0.98699999999999999","0.98809999999999998","1.0065","1.054","1.0431999999999999","1.014","1.0421","1.0680000000000001","1.0778000000000001","1.0799000000000001","1.0799000000000001","1.1555","1.446","2.0453999999999999","2.8521000000000001","2.8952","3.8045","4.5011000000000001","4.4741","4.4481999999999999","4.6048","5.1727999999999996","5.5799000000000003","5.1014999999999997","4.7279","4.8034999999999997","4.6512000000000002","4.2019000000000002","4.0918000000000001","3.8498999999999999","3.6511999999999998","3.7029999999999998","3.9826999999999999","4.3596000000000004","4.6943999999999999","4.9016999999999999","5.7202999999999999","6.6188000000000002","7.6501000000000001","12.8294","57.012999999999998","112.2894","132.52269999999999","214.76779999999999","227.3963","230.72890000000001","227.63069999999999","249.74080000000001","260.351","265.42009999999999","272.55619999999999","280.20729999999998","294.15010000000001","299.83049999999997","314.19549999999998","312.88119999999998","321.19009999999997","330.5788","347.4384","373.55399999999997","395.70299999999997","412.8931","421.15769999999998","429.58100000000002","435.05619999999999","447.27","470.01190000000003","493.51299999999998","521.24300000000005","575.29480000000001","687.15769999999998","805.13070000000005","938.14359999999999","1107.9482","1245.8542","1441.9266","1746.8240000000001","2073.4805999999999","2412.3638999999998","2773.9567999999999","3067.4232999999999","3331.1932999999999","3534.3962999999999","3697.6242000000002","3880.8402000000001","4137.3423000000003","4389.7203","4671.0594000000001","4923.7278999999999","5130.5248000000001","5332.3973999999998","5617.973","5837.0734000000002","5938.1976000000004","6044.9384","6140.4449000000004","6297.7473","6466.2873","6623.5896000000002","6786.5119000000004","6921.3423000000003","7039.3197","7179.77","7303.3649999999998","7539.3197","7595.5","7713.4772999999996","7921.7407999999996","8160.8585000000003","8253.4200999999994","8268.8477000000003","8261.1339000000007","8252.8726000000006","8343.7451000000001","8434.6177000000007","8475.9233000000004","8451.1404000000002"
"1882","0.90710000000000002","0.91259999999999997","0.8861","0.86170000000000002","0.84730000000000005","0.85619999999999996","0.87719999999999998","0.91259999999999997","0.91810000000000003","0.93140000000000001","0.96020000000000005","1.0851999999999999","1.1504000000000001","1.1780999999999999","1.1780999999999999","1.0674999999999999","1.1106","1.0697000000000001","1.0564","1.0951","1.0243","1","0.96789999999999998","0.94910000000000005","0.97009999999999996","0.96899999999999997","0.96679999999999999","0.97899999999999998","0.99560000000000004","1.0309999999999999","1.0277000000000001","1.0187999999999999","0.99670000000000003","0.99229999999999996","0.98670000000000002","0.98229999999999995","0.98009999999999997","0.98670000000000002","0.97119999999999995","0.97570000000000001","0.9768","0.97009999999999996","0.99890000000000001","1.0111000000000001","1.0122","1.0309999999999999","1.0795999999999999","1.0686","1.0387","1.0674999999999999","1.0940000000000001","1.1040000000000001","1.1062000000000001","1.1062000000000001","1.1836","1.4812000000000001","2.0951","2.9215","2.9657","3.8971","4.6105999999999998","4.5830000000000002","4.5564","4.7168000000000001","5.2987000000000002","5.7157","5.2256999999999998","4.8429000000000002","4.9203999999999999","4.7644000000000002","4.3041999999999998","4.1913999999999998","3.9436","3.74","3.7930999999999999","4.0796000000000001","4.4657","4.8086000000000002","5.0209999999999999","5.8594999999999997","6.7798999999999996","7.8362999999999996","13.1416","58.400399999999998","115.02209999999999","135.74780000000001","219.99449999999999","232.93029999999999","236.34399999999999","233.1704","255.8186","266.68689999999998","271.87939999999998","279.18920000000003","287.0265","301.30860000000001","307.12720000000002","321.84179999999998","320.49560000000002","329.00659999999999","338.62389999999999","355.8938","382.64490000000001","405.33300000000003","422.94139999999999","431.40710000000001","440.03539999999998","445.6438","458.1549","481.4502","505.52319999999997","533.92809999999997","589.29539999999997","703.88049999999998","824.72460000000001","960.97460000000001","1134.9114999999999","1276.1737000000001","1477.0177000000001","1789.3352","2123.9414000000002","2471.0718999999999","2841.4645999999998","3142.0729999999999","3412.2622000000001","3620.4104000000002","3787.6106","3975.2854000000002","4238.0299000000005","4496.5497999999998","4784.7356","5043.5531000000001","5255.3827000000001","5462.1680999999999","5754.6935999999996","5979.1261000000004","6082.7112999999999","6192.0497999999998","6289.8805000000002","6451.0110999999997","6623.6526999999996","6784.7831999999999","6951.6704","7089.7821000000004","7210.6305000000002","7354.4988999999996","7481.1018000000004","7722.7987000000003","7780.3462","7901.1947","8114.5264999999999","8359.4634999999998","8454.2777000000006","8470.0807999999997","8462.1792000000005","8453.7168000000001","8546.8009000000002","8639.8850000000002","8682.1957999999995","8656.8096999999998"
"1883","0.93710000000000004","0.94289999999999996","0.91539999999999999","0.89029999999999998","0.87539999999999996","0.88460000000000005","0.90629999999999999","0.94289999999999996","0.9486","0.96230000000000004","0.99199999999999999","1.1211","1.1886000000000001","1.2171000000000001","1.2171000000000001","1.1029","1.1474","1.1051","1.0913999999999999","1.1314","1.0583","1.0330999999999999","1","0.98060000000000003","1.0023","1.0011000000000001","0.99890000000000001","1.0114000000000001","1.0286","1.0650999999999999","1.0617000000000001","1.0526","1.0297000000000001","1.0250999999999999","1.0194000000000001","1.0148999999999999","1.0125999999999999","1.0194000000000001","1.0034000000000001","1.008","1.0091000000000001","1.0023","1.032","1.0446","1.0457000000000001","1.0650999999999999","1.1153999999999999","1.1040000000000001","1.0730999999999999","1.1029","1.1303000000000001","1.1406000000000001","1.1429","1.1429","1.2229000000000001","1.5303","2.1646000000000001","3.0183","3.0640000000000001","4.0263","4.7633999999999999","4.7348999999999997","4.7073999999999998","4.8731","5.4743000000000004","5.9051","5.3989000000000003","5.0034000000000001","5.0834000000000001","4.9222999999999999","4.4469000000000003","4.3303000000000003","4.0743","3.8639999999999999","3.9188999999999998","4.2149000000000001","4.6136999999999997","4.968","5.1874000000000002","6.0537000000000001","7.0045999999999999","8.0960000000000001","13.5771","60.335999999999999","118.8343","140.24690000000001","227.28569999999999","240.65029999999999","244.1771","240.89830000000001","264.2971","275.52569999999997","280.89030000000002","288.44229999999999","296.5394","311.29489999999998","317.30630000000002","332.5086","331.11770000000001","339.91090000000003","349.84690000000001","367.6891","395.32690000000002","418.76690000000002","436.95890000000003","445.70510000000002","454.61939999999998","460.41370000000001","473.33940000000001","497.40690000000001","522.27769999999998","551.62400000000002","608.82629999999995","727.20910000000003","852.05830000000003","992.82399999999996","1172.5256999999999","1318.4697000000001","1525.9703","1848.6388999999999","2194.3348999999998","2552.9703","2935.6388999999999","3246.2103000000002","3525.3543","3740.4011","3913.1428999999998","4107.0376999999999","4378.4903000000004","4645.5783000000001","4943.3154000000004","5210.7109","5429.5610999999999","5643.2","5945.4206000000004","6177.2914000000001","6284.3096999999998","6397.2719999999999","6498.3450999999995","6664.8159999999998","6843.1794","7009.6503000000002","7182.0685999999996","7324.7577000000001","7449.6113999999998","7598.2479999999996","7729.0469000000003","7978.7542999999996","8038.2091","8163.0628999999999","8383.4650999999994","8636.52","8734.4766","8750.8034000000007","8742.64","8733.8971000000001","8830.0663000000004","8926.2353999999996","8969.9485999999997","8943.7211000000007"
"1884","0.95569999999999999","0.96150000000000002","0.93359999999999999","0.90790000000000004","0.89280000000000004","0.90210000000000001","0.92420000000000002","0.96150000000000002","0.96740000000000004","0.98140000000000005","1.0117","1.1434","1.2121","1.2413000000000001","1.2413000000000001","1.1247","1.1701999999999999","1.127","1.1131","1.1537999999999999","1.0792999999999999","1.0536000000000001","1.0198","1","1.0221","1.0209999999999999","1.0185999999999999","1.0315000000000001","1.0489999999999999","1.0862000000000001","1.0828","1.0733999999999999","1.0501","1.0455000000000001","1.0396000000000001","1.0349999999999999","1.0326","1.0396000000000001","1.0233000000000001","1.028","1.0290999999999999","1.0221","1.0524","1.0652999999999999","1.0664","1.0862000000000001","1.1375","1.1258999999999999","1.0944","1.1247","1.1527000000000001","1.1632","1.1655","1.1655","1.2471000000000001","1.5606","2.2075","3.0781000000000001","3.1246999999999998","4.1060999999999996","4.8578000000000001","4.8287000000000004","4.8007","4.9696999999999996","5.5827999999999998","6.0221","5.5057999999999998","5.1025999999999998","5.1840999999999999","5.0198","4.5350000000000001","4.4161000000000001","4.1550000000000002","3.9405999999999999","3.9965000000000002","4.2984","4.7050999999999998","5.0663999999999998","5.2901999999999996","6.1737000000000002","7.1433999999999997","8.2563999999999993","13.8462","61.531500000000001","121.1888","143.0256","231.78899999999999","245.41839999999999","249.01519999999999","245.6713","269.53379999999999","280.98480000000001","286.45569999999998","294.15730000000002","302.41489999999999","317.46269999999998","323.59320000000002","339.0967","337.67829999999998","346.64569999999998","356.77859999999998","374.9744","403.15969999999999","427.0641","445.61660000000001","454.53609999999998","463.62700000000001","469.53609999999998","482.71789999999999","507.26220000000001","532.6259","562.55359999999996","620.88930000000005","741.61770000000001","868.94060000000002","1012.4953","1195.7575999999999","1344.5932","1556.2050999999999","1885.2669000000001","2237.8123999999998","2603.5536000000002","2993.8042","3310.5291000000002","3595.2040000000002","3814.5117","3990.6759999999999","4188.4125999999997","4465.2435999999998","4737.6234999999997","5041.2599","5313.9534000000003","5537.1399000000001","5755.0117","6063.2203","6299.6853000000001","6408.8239999999996","6524.0245000000004","6627.1001999999999","6796.8694999999998","6978.7668999999996","7148.5361000000003","7324.3706000000002","7469.8869000000004","7597.2145","7748.7960000000003","7882.1864999999998","8136.8415000000005","8197.4743999999992","8324.8019000000004","8549.5710999999992","8807.6399000000001","8907.5373","8924.1875999999993","8915.8624999999993","8906.9464000000007","9005.0210000000006","9103.0956000000006","9147.6748000000007","9120.9277000000002"
"1885","0.93500000000000005","0.94069999999999998","0.9133","0.88829999999999998","0.87339999999999995","0.88260000000000005","0.9042","0.94069999999999998","0.94640000000000002","0.96009999999999995","0.98970000000000002","1.1186","1.1859","1.2143999999999999","1.2143999999999999","1.1003000000000001","1.1448","1.1026","1.0889","1.1288","1.0559000000000001","1.0307999999999999","0.99770000000000003","0.97829999999999995","1","0.99890000000000001","0.99660000000000004","1.0091000000000001","1.0262","1.0627","1.0592999999999999","1.0502","1.0274000000000001","1.0227999999999999","1.0170999999999999","1.0125","1.0103","1.0170999999999999","1.0011000000000001","1.0057","1.0067999999999999","1","1.0296000000000001","1.0422","1.0432999999999999","1.0627","1.1129","1.1014999999999999","1.0707","1.1003000000000001","1.1276999999999999","1.1379999999999999","1.1403000000000001","1.1403000000000001","1.2201","1.5267999999999999","2.1596000000000002","3.0114000000000001","3.0569999999999999","4.0171000000000001","4.7526000000000002","4.7241","4.6966999999999999","4.8620000000000001","5.4618000000000002","5.8917000000000002","5.3864999999999998","4.992","5.0717999999999996","4.9111000000000002","4.4367000000000001","4.3204000000000002","4.0650000000000004","3.8552","3.9098999999999999","4.2051999999999996","4.6032000000000002","4.9566999999999997","5.1756000000000002","6.0399000000000003","6.9885999999999999","8.0775000000000006","13.546200000000001","60.198399999999999","118.5633","139.92699999999999","226.76740000000001","240.10149999999999","243.62029999999999","240.34889999999999","263.69439999999997","274.8974","280.24970000000002","287.78449999999998","295.86320000000001","310.5849","316.58269999999999","331.75029999999998","330.36259999999999","339.13569999999999","349.04899999999998","366.85059999999999","394.42529999999999","417.81189999999998","435.9624","444.68869999999998","453.58269999999999","459.36369999999999","472.26","496.27249999999998","521.08669999999995","550.36599999999999","607.43790000000001","725.55070000000001","850.11519999999996","990.55989999999997","1169.8517999999999","1315.4629","1522.4902999999999","1844.423","2189.3307","2547.1482000000001","2928.9441000000002","3238.8072999999999","3517.3146999999999","3731.8712","3904.2188999999998","4097.6715999999997","4368.5051000000003","4634.9840000000004","4932.0421999999999","5198.8278","5417.1790000000001","5630.3307000000004","5931.8620000000001","6163.2040999999999","6269.9782999999998","6382.683","6483.5257000000001","6649.6169","6827.5735000000004","6993.6647999999996","7165.6899000000003","7308.0536000000002","7432.6225999999997","7580.9201999999996","7711.4207999999999","7960.5586999999996","8019.8779999999997","8144.4470000000001","8364.3466000000008","8616.8243999999995","8714.5576000000001","8730.8472000000002","8722.7024000000001","8713.9794999999995","8809.9292999999998","8905.8791000000001","8949.4925999999996","8923.3250000000007"
"1886","0.93610000000000004","0.94179999999999997","0.91439999999999999","0.88929999999999998","0.87439999999999996","0.88360000000000005","0.90529999999999999","0.94179999999999997","0.94750000000000001","0.96120000000000005","0.9909","1.1198999999999999","1.1872","1.2158","1.2158","1.1015999999999999","1.1460999999999999","1.1039000000000001","1.0902000000000001","1.1301000000000001","1.0570999999999999","1.032","0.99890000000000001","0.97950000000000004","1.0011000000000001","1","0.99770000000000003","1.0103","1.0274000000000001","1.0639000000000001","1.0605","1.0513999999999999","1.0285","1.024","1.0183","1.0137","1.0114000000000001","1.0183","1.0023","1.0067999999999999","1.008","1.0011000000000001","1.0307999999999999","1.0434000000000001","1.0445","1.0639000000000001","1.1142000000000001","1.1027","1.0719000000000001","1.1015999999999999","1.129","1.1393","1.1415999999999999","1.1415999999999999","1.2215","1.5285","2.1621000000000001","3.0148000000000001","3.0605000000000002","4.0217000000000001","4.758","4.7294999999999998","4.7020999999999997","4.8676000000000004","5.468","5.8983999999999996","5.3926999999999996","4.9977","5.0776000000000003","4.9166999999999996","4.4417999999999997","4.3253000000000004","4.0696000000000003","3.8595999999999999","3.9144000000000001","4.21","4.6083999999999996","4.9622999999999999","5.1814999999999998","6.0468000000000002","6.9965999999999999","8.0868000000000002","13.5616","60.267099999999999","118.6986","140.08680000000001","227.02629999999999","240.37559999999999","243.89840000000001","240.6233","263.99540000000002","275.21120000000002","280.56959999999998","288.113","296.20089999999999","310.93950000000001","316.94409999999999","332.12900000000002","330.73970000000003","339.52280000000002","349.44749999999999","367.26940000000002","394.87560000000002","418.28879999999998","436.46","445.19630000000001","454.10050000000001","459.88810000000001","472.79910000000001","496.839","521.68150000000003","550.99429999999995","608.13130000000001","726.37900000000002","851.0856","991.69060000000002","1171.1872000000001","1316.9646","1524.2283","1846.5284999999999","2191.8299000000002","2550.0558999999998","2932.2876999999999","3242.5046000000002","3521.3299000000002","3736.1313","3908.6758","4102.3492999999999","4373.4920000000002","4640.2750999999998","4937.6724000000004","5204.7626","5423.3630000000003","5636.7579999999998","5938.6336000000001","6170.2397000000001","6277.1358","6389.9691999999995","6490.9269000000004","6657.2078000000001","6835.3675999999996","7001.6484","7173.8698999999997","7316.3960999999999","7441.1072999999997","7589.5742","7720.2236999999996","7969.6460999999999","8029.0330999999996","8153.7443000000003","8373.8950000000004","8626.6610000000001","8724.5056999999997","8740.8138999999992","8732.6597999999994","8723.9269000000004","8819.9863000000005","8916.0457000000006","8959.7088999999996","8933.5113999999994"
"1887","0.93820000000000003","0.94389999999999996","0.91649999999999998","0.89129999999999998","0.87639999999999996","0.88560000000000005","0.9073","0.94389999999999996","0.94969999999999999","0.96340000000000003","0.99309999999999998","1.1224000000000001","1.1899","1.2184999999999999","1.2184999999999999","1.1041000000000001","1.1487000000000001","1.1064000000000001","1.0927","1.1327","1.0595000000000001","1.0343","1.0011000000000001","0.98170000000000002","1.0034000000000001","1.0023","1","1.0125999999999999","1.0297000000000001","1.0664","1.0629","1.0538000000000001","1.0308999999999999","1.0263","1.0206","1.016","1.0137","1.0206","1.0045999999999999","1.0092000000000001","1.0103","1.0034000000000001","1.0331999999999999","1.0458000000000001","1.0468999999999999","1.0664","1.1167","1.1052999999999999","1.0744","1.1041000000000001","1.1315999999999999","1.1418999999999999","1.1442000000000001","1.1442000000000001","1.2242999999999999","1.532","2.1669999999999998","3.0217000000000001","3.0674999999999999","4.0308999999999999","4.7689000000000004","4.7403000000000004","4.7127999999999997","4.8787000000000003","5.4805000000000001","5.9119000000000002","5.4050000000000002","5.0091999999999999","5.0891999999999999","4.9279000000000002","4.4519000000000002","4.3352000000000004","4.0789","3.8683999999999998","3.9232999999999998","4.2196999999999996","4.6189999999999998","4.9737","5.1933999999999996","6.0606","7.0125999999999999","8.1052999999999997","13.592700000000001","60.405000000000001","118.97029999999999","140.40729999999999","227.54580000000001","240.9256","244.45650000000001","241.1739","264.59949999999998","275.84100000000001","281.21170000000001","288.77229999999997","296.87869999999998","311.65100000000001","317.66930000000002","332.88900000000001","331.4966","340.2998","350.24709999999999","368.10980000000001","395.7792","419.24599999999998","437.4588","446.21510000000001","455.13959999999997","460.94049999999999","473.88099999999997","497.976","522.87530000000004","552.25509999999997","609.52290000000005","728.0412","853.03319999999997","993.96","1173.8672999999999","1319.9783","1527.7162000000001","1850.7539999999999","2196.8454999999999","2555.8912999999998","2938.9976999999999","3249.9245000000001","3529.3879000000002","3744.6808000000001","3917.6201000000001","4111.7367999999997","4383.5","4650.8936000000003","4948.9714000000004","5216.6728000000003","5435.7735000000002","5649.6567999999997","5952.2231000000002","6184.3593000000001","6291.5","6404.5915000000005","6505.7803000000004","6672.4416000000001","6851.0092000000004","7017.6705000000002","7190.2860000000001","7333.1383999999998","7458.1350000000002","7606.9416000000001","7737.8901999999998","7987.8833000000004","8047.4062000000004","8172.4026999999996","8393.0571999999993","8646.4015999999992","8744.4703000000009","8760.8158000000003","8752.643","8743.8901999999998","8840.1692999999996","8936.4485000000004","8980.2116999999998","8953.9542000000001"
"1888","0.92659999999999998","0.93220000000000003","0.90510000000000002","0.88019999999999998","0.86550000000000005","0.87460000000000004","0.89600000000000002","0.93220000000000003","0.93789999999999996","0.95140000000000002","0.98080000000000001","1.1085","1.1751","1.2034","1.2034","1.0904","1.1345000000000001","1.0927","1.0790999999999999","1.1186","1.0463","1.0215000000000001","0.98870000000000002","0.96950000000000003","0.99099999999999999","0.98980000000000001","0.98760000000000003","1","1.0168999999999999","1.0530999999999999","1.0497000000000001","1.0407","1.0181","1.0136000000000001","1.0079","1.0034000000000001","1.0011000000000001","1.0079","0.99209999999999998","0.99660000000000004","0.99770000000000003","0.99099999999999999","1.0203","1.0327999999999999","1.0339","1.0530999999999999","1.1028","1.0914999999999999","1.0609999999999999","1.0904","1.1174999999999999","1.1276999999999999","1.1298999999999999","1.1298999999999999","1.2090000000000001","1.5129999999999999","2.1400999999999999","2.9842","3.0293999999999999","3.9807999999999999","4.7096","4.6814","4.6542000000000003","4.8181000000000003","5.4123999999999999","5.8384","5.3379000000000003","4.9469000000000003","5.0259999999999998","4.8666999999999998","4.3966000000000003","4.2813999999999997","4.0282","3.8203","3.8746","4.1672000000000002","4.5616000000000003","4.9119000000000002","5.1288","5.9852999999999996","6.9253999999999998","8.0045000000000002","13.4237","59.654200000000003","117.4915","138.66210000000001","224.7175","237.93109999999999","241.41810000000001","238.1763","261.3107","272.41239999999999","277.71640000000002","285.18310000000002","293.18869999999998","307.7774","313.72089999999997","328.75139999999999","327.37630000000001","336.07010000000002","345.8938","363.53449999999998","390.85989999999998","414.03500000000003","432.0215","440.66890000000001","449.48250000000002","455.21129999999999","467.99099999999999","491.78640000000001","516.37630000000001","545.39099999999996","601.94690000000003","718.99210000000005","842.43050000000005","981.60559999999998","1159.2768000000001","1303.5717999999999","1508.7276999999999","1827.7502999999999","2169.5401000000002","2524.1232","2902.4677999999999","3209.5299","3485.5198","3698.1367","3868.9265999999998","4060.6305000000002","4329.0158000000001","4593.0859","4887.4588000000003","5151.8328000000001","5368.2102000000004","5579.4350000000004","5878.2407000000003","6107.4915000000001","6213.3005999999996","6324.9863999999998","6424.9174999999996","6589.5073000000002","6765.8554000000004","6930.4452000000001","7100.9152999999997","7241.9921000000004","7365.4350000000004","7512.3921","7641.7129999999997","7888.5989","7947.3819000000003","8070.8248999999996","8288.7366999999995","8538.9321999999993","8635.7819","8651.9243000000006","8643.8531000000003","8635.2090000000007","8730.2914999999994","8825.3739999999998","8868.5931999999993","8842.6620999999996"
"1889","0.91110000000000002","0.91669999999999996","0.89","0.86560000000000004","0.85109999999999997","0.86","0.88109999999999999","0.91669999999999996","0.92220000000000002","0.93559999999999999","0.96440000000000003","1.0900000000000001","1.1556","1.1833","1.1833","1.0722","1.1155999999999999","1.0744","1.0610999999999999","1.1000000000000001","1.0288999999999999","1.0044","0.97219999999999995","0.95330000000000004","0.97440000000000004","0.97330000000000005","0.97109999999999996","0.98329999999999995","1","1.0356000000000001","1.0322","1.0233000000000001","1.0011000000000001","0.99670000000000003","0.99109999999999998","0.98670000000000002","0.98440000000000005","0.99109999999999998","0.97560000000000002","0.98","0.98109999999999997","0.97440000000000004","1.0033000000000001","1.0156000000000001","1.0166999999999999","1.0356000000000001","1.0844","1.0732999999999999","1.0432999999999999","1.0722","1.0989","1.1089","1.1111","1.1111","1.1889000000000001","1.4878","2.1044","2.9344000000000001","2.9788999999999999","3.9144000000000001","4.6311","4.6032999999999999","4.5766999999999998","4.7378","5.3221999999999996","5.7411000000000003","5.2488999999999999","4.8643999999999998","4.9421999999999997","4.7855999999999996","4.3232999999999997","4.21","3.9611000000000001","3.7566999999999999","3.81","4.0978000000000003","4.4855999999999998","4.83","5.0433000000000003","5.8856000000000002","6.81","7.8711000000000002","13.2","58.66","115.5333","136.3511","220.97219999999999","233.96559999999999","237.39439999999999","234.20670000000001","256.9556","267.87220000000002","273.08780000000002","280.43","288.30220000000003","302.64780000000002","308.49220000000003","323.2722","321.92","330.46890000000002","340.12889999999999","357.47559999999999","384.34559999999999","407.13440000000003","424.8211","433.32440000000003","441.99110000000002","447.62439999999998","460.19110000000001","483.59","507.77","536.30110000000002","591.9144","707.00890000000004","828.39","965.24559999999997","1139.9556","1281.8456000000001","1483.5822000000001","1797.2878000000001","2133.3811000000001","2482.0544","2854.0933","3156.0378000000001","3427.4277999999999","3636.5011","3804.4443999999999","3992.9533000000001","4256.8656000000001","4516.5343999999996","4806.0011000000004","5065.9688999999998","5278.74","5486.4444000000003","5780.27","6005.7","6109.7456000000002","6219.57","6317.8356000000003","6479.6822000000002","6653.0910999999996","6814.9377999999997","6982.5667000000003","7121.2921999999999","7242.6778000000004","7387.1855999999998","7514.3510999999999","7757.1221999999998","7814.9255999999996","7936.3110999999999","8150.5910999999996","8396.6167000000005","8491.8521999999994","8507.7255999999998","8499.7888999999996","8491.2888999999996","8584.7867000000006","8678.2844000000005","8720.7832999999991","8695.2844000000005"
"1890","0.87980000000000003","0.88519999999999999","0.85940000000000005","0.83579999999999999","0.82189999999999996","0.83050000000000002","0.85089999999999999","0.88519999999999999","0.89059999999999995","0.90339999999999998","0.93130000000000002","1.0526","1.1158999999999999","1.1427","1.1427","1.0354000000000001","1.0772999999999999","1.0376000000000001","1.0246999999999999","1.0622","0.99360000000000004","0.97","0.93879999999999997","0.92059999999999997","0.94099999999999995","0.93989999999999996","0.93779999999999997","0.9496","0.9657","1","0.99680000000000002","0.98819999999999997","0.9667","0.96240000000000003","0.95709999999999995","0.95279999999999998","0.9506","0.95709999999999995","0.94210000000000005","0.94640000000000002","0.94740000000000002","0.94099999999999995","0.96889999999999998","0.98070000000000002","0.98180000000000001","1","1.0471999999999999","1.0365","1.0075000000000001","1.0354000000000001","1.0611999999999999","1.0708","1.073","1.073","1.1480999999999999","1.4367000000000001","2.0322","2.8336999999999999","2.8765999999999998","3.78","4.4721000000000002","4.4452999999999996","4.4195000000000002","4.5750999999999999","5.1395","5.5439999999999996","5.0686999999999998","4.6974","4.7725","4.6212","4.1749000000000001","4.0655000000000001","3.8250999999999999","3.6276999999999999","3.6791999999999998","3.9571000000000001","4.3315000000000001","4.6642000000000001","4.8701999999999996","5.6835000000000004","6.5762","7.6009000000000002","12.7468","56.645899999999997","111.5665","131.6695","213.3852","225.9324","229.24359999999999","226.1652","248.13300000000001","258.67489999999998","263.71140000000003","270.80149999999998","278.40339999999998","292.25639999999999","297.90019999999998","312.17270000000002","310.86700000000002","319.1223","328.45060000000001","345.20170000000002","371.14909999999998","393.15559999999999","410.23500000000001","418.44639999999998","426.81549999999999","432.25540000000001","444.39060000000001","466.98610000000002","490.33580000000001","517.88729999999998","571.59119999999996","682.73389999999995","799.94740000000002","932.10410000000002","1100.8154999999999","1237.8336999999999","1432.6438000000001","1735.5782999999999","2060.1320000000001","2396.8337000000001","2756.0987","3047.6759999999999","3309.7478999999998","3511.6426999999999","3673.8197","3855.8562000000002","4110.7070999999996","4361.4602999999997","4640.9881999999998","4892.03","5097.4957000000004","5298.0686999999998","5581.8058000000001","5799.4957000000004","5899.9688999999998","6006.0225","6100.9142000000002","6257.2039000000004","6424.6588000000002","6580.9485000000004","6742.8218999999999","6876.7843000000003","6994.0020999999997","7133.5483000000004","7256.3476000000001","7490.7833000000001","7546.6018999999997","7663.8197","7870.7425000000003","8108.3208000000004","8200.2865000000002","8215.6147999999994","8207.9506000000001","8199.7425000000003","8290.0300000000007","8380.3176000000003","8421.3572999999997","8396.7338999999993"
"1891","0.88270000000000004","0.8881","0.86219999999999997","0.83850000000000002","0.82450000000000001","0.83320000000000005","0.85360000000000003","0.8881","0.89339999999999997","0.90639999999999998","0.93430000000000002","1.056","1.1194999999999999","1.1464000000000001","1.1464000000000001","1.0387999999999999","1.0807","1.0408999999999999","1.028","1.0657000000000001","0.99680000000000002","0.97309999999999997","0.94189999999999996","0.92359999999999998","0.94399999999999995","0.94289999999999996","0.94079999999999997","0.9526","0.96879999999999999","1.0032000000000001","1","0.99139999999999995","0.96989999999999998","0.96560000000000001","0.96020000000000005","0.95589999999999997","0.95369999999999999","0.96020000000000005","0.94510000000000005","0.94940000000000002","0.95050000000000001","0.94399999999999995","0.97199999999999998","0.9839","0.9849","1.0032000000000001","1.0506","1.0398000000000001","1.0107999999999999","1.0387999999999999","1.0646","1.0743","1.0764","1.0764","1.1517999999999999","1.4413","2.0388000000000002","2.8428","2.8858999999999999","3.7921999999999998","4.4865000000000004","4.4596","4.4337999999999997","4.5899000000000001","5.1561000000000003","5.5618999999999996","5.085","4.7126000000000001","4.7878999999999996","4.6361999999999997","4.1883999999999997","4.0785999999999998","3.8374999999999999","3.6394000000000002","3.6911","3.9699","4.3455000000000004","4.6791999999999998","4.8859000000000004","5.7018000000000004","6.5974000000000004","7.6254","12.7879","56.828800000000001","111.9268","132.09469999999999","214.07429999999999","226.66200000000001","229.98390000000001","226.8956","248.93430000000001","259.5102","264.56299999999999","271.67599999999999","279.30250000000001","293.2002","298.86219999999997","313.18079999999998","311.87079999999997","320.15289999999999","329.51130000000001","346.31650000000002","372.34769999999997","394.42520000000002","411.55970000000002","419.79759999999999","428.19380000000001","433.65120000000002","445.82560000000001","468.4941","491.91930000000002","519.55970000000002","573.43700000000001","684.93859999999995","802.53070000000002","935.11410000000001","1104.3703","1241.8309999999999","1437.2701999999999","1741.183","2066.7847000000002","2404.5736999999999","2764.9989","3057.5178000000001","3320.4360000000001","3522.9828000000002","3685.6835000000001","3868.3078999999998","4123.9817000000003","4375.5447000000004","4655.9751999999999","4907.8278","5113.9569000000001","5315.1776","5599.8310000000001","5818.2239","5919.0214999999998","6025.4177","6120.6157000000003","6277.4101000000001","6445.4058000000005","6602.2002000000002","6764.5963000000002","6898.9913999999999","7016.5877","7156.5844999999999","7279.7803999999996","7514.9731000000002","7570.9719999999998","7688.5684000000001","7896.1593000000003","8134.5047999999997","8226.7674999999999","8242.1453000000001","8234.4563999999991","8226.2217000000001","8316.8009000000002","8407.3799999999992","8448.5522000000001","8423.8492999999999"
"1892","0.89029999999999998","0.89580000000000004","0.86970000000000003","0.8458","0.83169999999999999","0.84040000000000004","0.86099999999999999","0.89580000000000004","0.9012","0.91420000000000001","0.9425","1.0650999999999999","1.1292","1.1564000000000001","1.1564000000000001","1.0478000000000001","1.0901000000000001","1.0499000000000001","1.0368999999999999","1.0749","1.0054000000000001","0.98150000000000004","0.95009999999999994","0.93159999999999998","0.95220000000000005","0.95109999999999995","0.94899999999999995","0.96089999999999998","0.97719999999999996","1.0119","1.0086999999999999","1","0.97829999999999995","0.97389999999999999","0.96850000000000003","0.96419999999999995","0.96199999999999997","0.96850000000000003","0.95330000000000004","0.9577","0.9587","0.95220000000000005","0.98050000000000004","0.99239999999999995","0.99350000000000005","1.0119","1.0597000000000001","1.0488999999999999","1.0195000000000001","1.0478000000000001","1.0738000000000001","1.0835999999999999","1.0858000000000001","1.0858000000000001","1.1617999999999999","1.4539","2.0565000000000002","2.8675000000000002","2.911","3.8252000000000002","4.5255000000000001","4.4984000000000002","4.4722999999999997","4.6298000000000004","5.2008999999999999","5.6101999999999999","5.1292","4.7534999999999998","4.8295000000000003","4.6764000000000001","4.2248000000000001","4.1139999999999999","3.8708","3.6709999999999998","3.7231000000000001","4.0042999999999997","4.3833000000000002","4.7199","4.9283000000000001","5.7514000000000003","6.6547000000000001","7.6916000000000002","12.898999999999999","57.322499999999998","112.899","133.24209999999999","215.93379999999999","228.63079999999999","231.98150000000001","228.8664","251.0966","261.76440000000002","266.86099999999999","274.03579999999999","281.72859999999997","295.74700000000001","301.45819999999998","315.90120000000002","314.57979999999998","322.93380000000002","332.37349999999998","349.32459999999998","375.58199999999999","397.85120000000001","415.13459999999998","423.44409999999999","431.91309999999999","437.41800000000001","449.69819999999999","472.56349999999998","496.19220000000001","524.07270000000005","578.41800000000001","690.88819999999998","809.50160000000005","943.23670000000004","1113.9630999999999","1252.6178","1449.7546","1756.3072999999999","2084.7372","2425.4603999999999","2789.0162999999998","3084.076","3349.2779999999998","3553.5841","3717.6981999999998","3901.9088000000002","4159.8035","4413.5515999999998","4696.4179999999997","4950.4582","5158.3779000000004","5361.3464000000004","5648.4723000000004","5868.7622000000001","5970.4354000000003","6077.7556999999997","6173.7807000000003","6331.9369999999999","6501.3919999999998","6659.5483000000004","6823.3549999999996","6958.9174999999996","7077.5352999999996","7218.7480999999998","7343.0141000000003","7580.2497000000003","7636.7350999999999","7755.3528999999999","7964.7470000000003","8205.1628999999994","8298.2268999999997","8313.7383000000009","8305.9825999999994","8297.6764000000003","8389.0422999999992","8480.4082999999991","8521.9380999999994","8497.0205999999998"
"1893","0.91010000000000002","0.91559999999999997","0.88900000000000001","0.86460000000000004","0.85019999999999996","0.85899999999999999","0.88009999999999999","0.91559999999999997","0.92120000000000002","0.9345","0.96340000000000003","1.0888","1.1543000000000001","1.1819999999999999","1.1819999999999999","1.071","1.1143000000000001","1.0732999999999999","1.0599000000000001","1.0988","1.0277000000000001","1.0033000000000001","0.97109999999999996","0.95230000000000004","0.97340000000000004","0.97230000000000005","0.97","0.98219999999999996","0.99890000000000001","1.0344","1.0310999999999999","1.0222","1","0.99560000000000004","0.99","0.98560000000000003","0.98340000000000005","0.99","0.97450000000000003","0.97889999999999999","0.98","0.97340000000000004","1.0022","1.0144","1.0155000000000001","1.0344","1.0831999999999999","1.0721000000000001","1.0422","1.071","1.0976999999999999","1.1076999999999999","1.1099000000000001","1.1099000000000001","1.1876","1.4861","2.1021000000000001","2.9312","2.9756","3.9100999999999999","4.6260000000000003","4.5982000000000003","4.5716000000000001","4.7324999999999999","5.3163","5.7347000000000001","5.2431000000000001","4.859","4.9367000000000001","4.7801999999999998","4.3185000000000002","4.2053000000000003","3.9567000000000001","3.7524999999999999","3.8058000000000001","4.0932000000000004","4.4805999999999999","4.8246000000000002","5.0377000000000001","5.8789999999999996","6.8023999999999996","7.8624000000000001","13.1853","58.594900000000003","115.4051","136.19980000000001","220.727","233.70590000000001","237.131","233.94669999999999","256.67039999999997","267.57490000000001","272.78469999999999","280.11880000000002","287.98219999999998","302.31189999999998","308.14980000000003","322.91340000000002","321.56270000000001","330.10210000000001","339.75139999999999","357.0788","383.91899999999998","406.68259999999998","424.34960000000001","432.84350000000001","441.50060000000002","447.12759999999997","459.68040000000002","483.05329999999998","507.20639999999997","535.70590000000004","591.25750000000005","706.2242","827.47059999999999","964.17430000000002","1138.6903","1280.4229","1481.9356","1795.2929999999999","2131.0133000000001","2479.2997","2850.9256","3152.5349999999999","3423.6237999999998","3632.4650000000001","3800.2220000000002","3988.5216","4252.1409999999996","4511.5216","4800.6670000000004","5060.3463000000002","5272.8811999999998","5480.3552","5773.8545999999997","5999.0343999999996","6102.9645","6212.6670000000004","6310.8235000000004","6472.4906000000001","6645.7070000000003","6807.3739999999998","6974.8168999999998","7113.3885","7234.6392999999998","7378.9867000000004","7506.0110999999997","7748.5128000000004","7806.2519000000002","7927.5028000000002","8141.5450000000001","8387.2973999999995","8482.4272999999994","8498.2829999999994","8490.3552","8481.8646000000008","8575.2585999999992","8668.6525999999994","8711.1043000000009","8685.6337000000003"
"1894","0.91420000000000001","0.91969999999999996","0.89300000000000002","0.86850000000000005","0.85399999999999998","0.8629","0.8841","0.91969999999999996","0.92530000000000001","0.93869999999999998","0.9677","1.0935999999999999","1.1594","1.1873","1.1873","1.0758000000000001","1.1193","1.0780000000000001","1.0647","1.1036999999999999","1.0323","1.0078","0.97550000000000003","0.95650000000000002","0.97770000000000001","0.97660000000000002","0.97440000000000004","0.98660000000000003","1.0033000000000001","1.0389999999999999","1.0357000000000001","1.0267999999999999","1.0044999999999999","1","0.99439999999999995","0.99","0.98770000000000002","0.99439999999999995","0.9788","0.98329999999999995","0.98440000000000005","0.97770000000000001","1.0066999999999999","1.0189999999999999","1.0201","1.0389999999999999","1.0881000000000001","1.0769","1.0468","1.0758000000000001","1.1026","1.1126","1.1148","1.1148","1.1929000000000001","1.4927999999999999","2.1114999999999999","2.9443000000000001","2.9889000000000001","3.9275000000000002","4.6466000000000003","4.6186999999999996","4.5919999999999996","4.7535999999999996","5.34","5.7603","5.2664","4.8807","4.9588000000000001","4.8015999999999996","4.3377999999999997","4.2241","3.9744000000000002","3.7692000000000001","3.8227000000000002","4.1115000000000004","4.5006000000000004","4.8461999999999996","5.0602","5.9051999999999998","6.8327999999999998","7.8974000000000002","13.2441","58.856200000000001","115.91970000000001","136.80709999999999","221.71129999999999","234.74799999999999","238.1884","234.99","257.81490000000002","268.7681","274.00110000000001","281.36790000000002","289.26639999999998","303.66000000000003","309.524","324.35340000000002","322.99669999999998","331.57409999999999","341.26639999999998","358.67110000000002","385.63099999999997","408.49610000000001","426.24189999999999","434.77370000000002","443.46929999999998","449.12150000000003","461.73020000000002","485.20740000000001","509.46820000000002","538.09479999999996","593.89409999999998","709.37350000000004","831.16049999999996","968.47379999999998","1143.7681","1286.1327000000001","1488.5440000000001","1803.2988","2140.5162","2490.3555999999999","2863.6388000000002","3166.5931","3438.8906999999999","3648.6633000000002","3817.1682999999998","4006.3076999999998","4271.1026000000002","4531.6399000000001","4822.0747000000001","5082.9119000000001","5296.3945999999996","5504.7938000000004","5799.6019999999999","6025.7860000000001","6130.1795000000002","6240.3711999999996","6338.9654","6501.3534","6675.3423000000003","6837.7302","7005.9197000000004","7145.1093000000001","7266.9008000000003","7411.8918999999996","7539.4826999999996","7783.0658000000003","7841.0623999999998","7962.8540000000003","8177.8505999999998","8424.6990000000005","8520.2530999999999","8536.1795000000002","8528.2163","8519.6877999999997","8613.4982999999993","8707.3088000000007","8749.9498000000003","8724.3657000000003"
"1895","0.91930000000000001","0.92490000000000006","0.89800000000000002","0.87329999999999997","0.85870000000000002","0.86770000000000003","0.88900000000000001","0.92490000000000006","0.93049999999999999","0.94389999999999996","0.97309999999999997","1.0998000000000001","1.1658999999999999","1.1939","1.1939","1.0818000000000001","1.1255999999999999","1.0841000000000001","1.0706","1.1099000000000001","1.0381","1.0135000000000001","0.98089999999999999","0.96189999999999998","0.98319999999999996","0.98209999999999997","0.9798","0.99219999999999997","1.0089999999999999","1.0448","1.0415000000000001","1.0325","1.0101","1.0056","1","0.99550000000000005","0.99329999999999996","1","0.98429999999999995","0.98880000000000001","0.9899","0.98319999999999996","1.0123","1.0246999999999999","1.0258","1.0448","1.0942000000000001","1.083","1.0527","1.0818000000000001","1.1087","1.1188","1.1211","1.1211","1.1996","1.5011000000000001","2.1233","2.9607999999999999","3.0055999999999998","3.9496000000000002","4.6726000000000001","4.6445999999999996","4.6177000000000001","4.7803000000000004","5.37","5.7926000000000002","5.2960000000000003","4.9081000000000001","4.9865000000000004","4.8285","4.3620999999999999","4.2477999999999998","3.9965999999999999","3.7904","3.8441999999999998","4.1345000000000001","4.5258000000000003","4.8733000000000004","5.0885999999999996","5.9382999999999999","6.8711000000000002","7.9417","13.3184","59.186100000000003","116.56950000000001","137.57400000000001","222.95400000000001","236.06389999999999","239.52350000000001","236.30719999999999","259.26010000000002","270.2747","275.53699999999998","282.94510000000002","290.8879","305.3621","311.25900000000001","326.17149999999998","324.80720000000002","333.43270000000001","343.17939999999999","360.6816","387.79259999999999","410.78590000000003","428.63119999999998","437.21080000000001","445.95519999999999","451.63900000000001","464.3184","487.9271","512.32399999999996","541.11099999999999","597.22310000000004","713.34979999999996","835.81949999999995","973.90250000000003","1150.1794","1293.3418999999999","1496.8878999999999","1813.4069999999999","2152.5146","2504.3150000000001","2879.6905999999999","3184.3429999999998","3458.1669999999999","3669.1154999999999","3838.5650000000001","4028.7646","4295.0437000000002","4557.0415000000003","4849.1043","5111.4035999999996","5326.0829999999996","5535.6502","5832.1109999999999","6059.5627999999997","6164.5415000000003","6275.3509000000004","6374.4978000000001","6537.7960000000003","6712.7601000000004","6876.0582999999997","7045.1905999999999","7185.1602999999996","7307.6345000000001","7453.4382999999998","7581.7443999999996","7826.6927999999998","7885.0146000000004","8007.4888000000001","8223.6905999999999","8471.9225999999999","8568.0123000000003","8584.0280000000002","8576.0202000000008","8567.4439000000002","8661.7803000000004","8756.1165999999994","8798.9966000000004","8773.2690999999995"
"1896","0.9234","0.92910000000000004","0.90200000000000002","0.87729999999999997","0.86260000000000003","0.87160000000000004","0.89300000000000002","0.92910000000000004","0.93469999999999998","0.94820000000000004","0.97750000000000004","1.1047","1.1712","1.1993","1.1993","1.0867","1.1306","1.089","1.0754999999999999","1.1149","1.0427999999999999","1.018","0.98540000000000005","0.96619999999999995","0.98760000000000003","0.98650000000000004","0.98419999999999996","0.99660000000000004","1.0135000000000001","1.0495000000000001","1.0462","1.0371999999999999","1.0145999999999999","1.0101","1.0044999999999999","1","0.99770000000000003","1.0044999999999999","0.98870000000000002","0.99319999999999997","0.99439999999999995","0.98760000000000003","1.0168999999999999","1.0293000000000001","1.0304","1.0495000000000001","1.0991","1.0878000000000001","1.0573999999999999","1.0867","1.1136999999999999","1.1238999999999999","1.1261000000000001","1.1261000000000001","1.2050000000000001","1.5079","2.1328999999999998","2.9741","3.0190999999999999","3.9672999999999998","4.6936999999999998","4.6654999999999998","4.6384999999999996","4.8018000000000001","5.3940999999999999","5.8186999999999998","5.3197999999999999","4.9302000000000001","5.0090000000000003","4.8502000000000001","4.3818000000000001","4.2668999999999997","4.0145999999999997","3.8073999999999999","3.8614999999999999","4.1532","4.5461999999999998","4.8952999999999998","5.1115000000000004","5.9650999999999996","6.9020000000000001","7.9775","13.378399999999999","59.4527","117.0946","138.19370000000001","223.95830000000001","237.12729999999999","240.60249999999999","237.3716","260.42790000000002","271.49209999999999","276.77820000000003","284.21960000000001","292.19819999999999","306.73759999999999","312.661","327.64080000000001","326.27030000000002","334.93470000000002","344.72519999999997","362.30630000000002","389.5394","412.63630000000001","430.56189999999998","439.18020000000001","447.964","453.67340000000002","466.40989999999999","490.125","514.6318","543.54840000000002","599.91330000000005","716.56309999999996","839.58450000000005","978.2894","1155.3604","1299.1677999999999","1503.6306","1821.5754999999999","2162.2105999999999","2515.5956999999999","2892.6622000000002","3198.6869000000002","3473.7444","3685.643","3855.8559","4046.9122000000002","4314.3908000000001","4577.5686999999998","4870.9471000000003","5134.4278999999997","5350.0743000000002","5560.5856000000003","5858.3818000000001","6086.8581000000004","6192.3096999999998","6303.6181999999999","6403.2116999999998","6567.2455","6742.9976999999999","6907.0315000000001","7076.9256999999998","7217.5258999999996","7340.5518000000002","7487.0123999999996","7615.8963999999996","7861.9481999999998","7920.5326999999997","8043.5586000000003","8260.7342000000008","8510.0845000000008","8606.607","8622.6947999999993","8614.6509000000005","8606.0360000000001","8700.7973000000002","8795.5586000000003","8838.6317999999992","8812.7883000000002"
"1897","0.92549999999999999","0.93120000000000003","0.90410000000000001","0.87919999999999998","0.86460000000000004","0.87360000000000004","0.89500000000000002","0.93120000000000003","0.93679999999999997","0.95030000000000003","0.97970000000000002","1.1072","1.1738","1.202","1.202","1.0891999999999999","1.1332","1.0913999999999999","1.0779000000000001","1.1173999999999999","1.0450999999999999","1.0203","0.98760000000000003","0.96840000000000004","0.98980000000000001","0.98870000000000002","0.98650000000000004","0.99890000000000001","1.0158","1.0519000000000001","1.0485","1.0395000000000001","1.0168999999999999","1.0124","1.0067999999999999","1.0023","1","1.0067999999999999","0.99099999999999999","0.99550000000000005","0.99660000000000004","0.98980000000000001","1.0192000000000001","1.0316000000000001","1.0327","1.0519000000000001","1.1015999999999999","1.0903","1.0598000000000001","1.0891999999999999","1.1163000000000001","1.1264000000000001","1.1287","1.1287","1.2077","1.5113000000000001","2.1377000000000002","2.9807999999999999","3.0259999999999998","3.9763000000000002","4.7042999999999999","4.6760999999999999","4.649","4.8125999999999998","5.4062999999999999","5.8318000000000003","5.3318000000000003","4.9413","5.0202999999999998","4.8612000000000002","4.3916000000000004","4.2765000000000004","4.0236999999999998","3.8159999999999998","3.8702000000000001","4.1624999999999996","4.5564","4.9062999999999999","5.1230000000000002","5.9786000000000001","6.9176000000000002","7.9954999999999998","13.4086","59.5869","117.35890000000001","138.50559999999999","224.4639","237.66249999999999","241.1456","237.9074","261.01580000000001","272.10500000000002","277.40289999999999","284.8612","292.8578","307.43","313.36680000000001","328.38040000000001","327.0068","335.69069999999999","345.5034","363.12419999999997","390.4187","413.5677","431.53390000000002","440.17160000000001","448.97519999999997","454.69749999999999","467.46280000000002","491.23140000000001","515.79349999999999","544.77539999999999","601.26750000000004","718.18060000000003","841.47969999999998","980.49770000000001","1157.9684","1302.1005","1507.0247999999999","1825.6874","2167.0913999999998","2521.2743","2899.1918999999998","3205.9074000000001","3481.5857999999998","3693.9627999999998","3864.5598","4056.0473999999999","4324.1297999999997","4587.9017999999996","4881.9423999999999","5146.0181000000002","5362.1512000000002","5573.1377000000002","5871.6061","6100.5982000000004","6206.2878000000001","6317.8476000000001","6417.6659","6582.07","6758.2190000000001","6922.6229999999996","7092.9007000000001","7233.8182999999999","7357.1219000000001","7503.9130999999998","7633.0879999999997","7879.6953000000003","7938.4120000000003","8061.7156000000004","8279.3814999999995","8529.2945999999993","8626.0349999999999","8642.1591000000008","8634.0971000000009","8625.4627999999993","8720.4379000000008","8815.4130999999998","8858.5835000000006","8832.6816999999992"
"1898","0.91930000000000001","0.92490000000000006","0.89800000000000002","0.87329999999999997","0.85870000000000002","0.86770000000000003","0.88900000000000001","0.92490000000000006","0.93049999999999999","0.94389999999999996","0.97309999999999997","1.0998000000000001","1.1658999999999999","1.1939","1.1939","1.0818000000000001","1.1255999999999999","1.0841000000000001","1.0706","1.1099000000000001","1.0381","1.0135000000000001","0.98089999999999999","0.96189999999999998","0.98319999999999996","0.98209999999999997","0.9798","0.99219999999999997","1.0089999999999999","1.0448","1.0415000000000001","1.0325","1.0101","1.0056","1","0.99550000000000005","0.99329999999999996","1","0.98429999999999995","0.98880000000000001","0.9899","0.98319999999999996","1.0123","1.0246999999999999","1.0258","1.0448","1.0942000000000001","1.083","1.0527","1.0818000000000001","1.1087","1.1188","1.1211","1.1211","1.1996","1.5011000000000001","2.1233","2.9607999999999999","3.0055999999999998","3.9496000000000002","4.6726000000000001","4.6445999999999996","4.6177000000000001","4.7803000000000004","5.37","5.7926000000000002","5.2960000000000003","4.9081000000000001","4.9865000000000004","4.8285","4.3620999999999999","4.2477999999999998","3.9965999999999999","3.7904","3.8441999999999998","4.1345000000000001","4.5258000000000003","4.8733000000000004","5.0885999999999996","5.9382999999999999","6.8711000000000002","7.9417","13.3184","59.186100000000003","116.56950000000001","137.57400000000001","222.95400000000001","236.06389999999999","239.52350000000001","236.30719999999999","259.26010000000002","270.2747","275.53699999999998","282.94510000000002","290.8879","305.3621","311.25900000000001","326.17149999999998","324.80720000000002","333.43270000000001","343.17939999999999","360.6816","387.79259999999999","410.78590000000003","428.63119999999998","437.21080000000001","445.95519999999999","451.63900000000001","464.3184","487.9271","512.32399999999996","541.11099999999999","597.22310000000004","713.34979999999996","835.81949999999995","973.90250000000003","1150.1794","1293.3418999999999","1496.8878999999999","1813.4069999999999","2152.5146","2504.3150000000001","2879.6905999999999","3184.3429999999998","3458.1669999999999","3669.1154999999999","3838.5650000000001","4028.7646","4295.0437000000002","4557.0415000000003","4849.1043","5111.4035999999996","5326.0829999999996","5535.6502","5832.1109999999999","6059.5627999999997","6164.5415000000003","6275.3509000000004","6374.4978000000001","6537.7960000000003","6712.7601000000004","6876.0582999999997","7045.1905999999999","7185.1602999999996","7307.6345000000001","7453.4382999999998","7581.7443999999996","7826.6927999999998","7885.0146000000004","8007.4888000000001","8223.6905999999999","8471.9225999999999","8568.0123000000003","8584.0280000000002","8576.0202000000008","8567.4439000000002","8661.7803000000004","8756.1165999999994","8798.9966000000004","8773.2690999999995"
"1899","0.93389999999999995","0.93959999999999999","0.9123","0.88719999999999999","0.87239999999999995","0.88149999999999995","0.9032","0.93959999999999999","0.94530000000000003","0.95899999999999996","0.98860000000000003","1.1173","1.1845000000000001","1.2130000000000001","1.2130000000000001","1.0991","1.1435","1.1013999999999999","1.0876999999999999","1.1275999999999999","1.0547","1.0296000000000001","0.99660000000000004","0.97719999999999996","0.99890000000000001","0.99770000000000003","0.99539999999999995","1.008","1.0250999999999999","1.0615000000000001","1.0581","1.0489999999999999","1.0262","1.0216000000000001","1.0159","1.0114000000000001","1.0091000000000001","1.0159","1","1.0045999999999999","1.0057","0.99890000000000001","1.0285","1.0409999999999999","1.0421","1.0615000000000001","1.1115999999999999","1.1002000000000001","1.0694999999999999","1.0991","1.1264000000000001","1.1367","1.139","1.139","1.2186999999999999","1.5250999999999999","2.1572","3.008","3.0535000000000001","4.0125000000000002","4.7472000000000003","4.7187000000000001","4.6913","4.8564999999999996","5.4555999999999996","5.8849999999999998","5.3803999999999998","4.9863","5.0660999999999996","4.9055","4.4317000000000002","4.3155000000000001","4.0603999999999996","3.8508","3.9055","4.2004999999999999","4.5979000000000001","4.9509999999999996","5.1696999999999997","6.0330000000000004","6.9805999999999999","8.0683000000000007","13.530799999999999","60.129800000000003","118.4282","139.76769999999999","226.50909999999999","239.828","243.34280000000001","240.0752","263.39409999999998","274.58429999999998","279.93049999999999","287.45670000000001","295.52620000000002","310.2312","316.22210000000001","331.37240000000003","329.98630000000003","338.74939999999998","348.6515","366.43279999999999","393.97609999999997","417.33600000000001","435.4658","444.18220000000002","453.06610000000001","458.84050000000002","471.72210000000001","495.70729999999998","520.4932","549.73919999999998","606.74599999999998","724.72439999999995","849.14689999999996","989.43169999999998","1168.5193999999999","1313.9647","1520.7563","1842.3223","2186.8371000000002","2544.2471999999998","2925.6082000000001","3235.1185","3513.3087","3727.6206999999999","3899.7721999999999","4093.0046000000002","4363.5295999999998","4629.7049999999999","4926.4247999999998","5192.9066000000003","5411.0091000000002","5623.9179999999997","5925.1058999999996","6156.1845000000003","6262.8370999999997","6375.4134000000004","6476.1412","6642.0433000000003","6819.7973000000002","6985.6993000000002","7157.5285000000003","7299.7300999999998","7424.1571999999996","7572.2858999999999","7702.6378000000004","7951.4920000000002","8010.7437","8135.1707999999999","8354.82","8607.0102999999999","8704.6321000000007","8720.9032000000007","8712.7677000000003","8704.0547000000006","8799.8952000000008","8895.7358000000004","8939.2994999999992","8913.1617000000006"
"1900","0.92969999999999997","0.93540000000000001","0.90820000000000001","0.88319999999999999","0.86850000000000005","0.87760000000000005","0.89910000000000001","0.93540000000000001","0.94099999999999995","0.9546","0.98409999999999997","1.1122000000000001","1.1791","1.2075","1.2075","1.0941000000000001","1.1383000000000001","1.0964","1.0828","1.1224000000000001","1.0499000000000001","1.0248999999999999","0.99209999999999998","0.9728","0.99429999999999996","0.99319999999999997","0.9909","1.0034000000000001","1.0204","1.0567","1.0532999999999999","1.0442","1.0215000000000001","1.0169999999999999","1.0113000000000001","1.0067999999999999","1.0044999999999999","1.0113000000000001","0.99550000000000005","1","1.0011000000000001","0.99429999999999996","1.0238","1.0363","1.0374000000000001","1.0567","1.1066","1.0952","1.0646","1.0941000000000001","1.1213","1.1315","1.1337999999999999","1.1337999999999999","1.2132000000000001","1.5181","2.1474000000000002","2.9943","3.0396999999999998","3.9943","4.7256","4.6973000000000003","4.6700999999999997","4.8345000000000002","5.4307999999999996","5.8582999999999998","5.3559999999999999","4.9637000000000002","5.0430999999999999","4.8832000000000004","4.4116","4.2958999999999996","4.0419999999999998","3.8332999999999999","3.8877999999999999","4.1814","4.5770999999999997","4.9286000000000003","5.1463000000000001","6.0057","6.9489999999999998","8.0317000000000007","13.4694","59.857100000000003","117.8912","139.13380000000001","225.4819","238.74039999999999","242.23920000000001","238.9864","262.1995","273.339","278.661","286.15309999999999","294.1859","308.82429999999999","314.78800000000001","329.86959999999999","328.4898","337.21319999999997","347.07029999999997","364.77100000000002","392.1893","415.44330000000002","433.49090000000001","442.1678","451.01130000000001","456.75959999999998","469.58280000000002","493.45920000000001","518.1327","547.24599999999998","603.99429999999995","721.43759999999997","845.29589999999996","984.94439999999997","1163.22","1308.0056999999999","1513.8594000000001","1833.9671000000001","2176.9195","2532.7085999999999","2912.3400999999999","3220.4467","3497.3753000000002","3710.7154","3882.0862000000002","4074.4422","4343.7403999999997","4608.7085999999999","4904.0828000000001","5169.3559999999998","5386.4694","5598.4126999999999","5898.2347","6128.2653","6234.4341999999997","6346.5","6446.7709999999997","6611.9206000000004","6788.8684999999996","6954.0181000000002","7125.0680000000002","7266.6247000000003","7390.4875000000002","7537.9444000000003","7667.7052000000003","7915.4308000000001","7974.4138000000003","8098.2766000000001","8316.9297000000006","8567.9761999999992","8665.1553000000004","8681.3526000000002","8673.2540000000008","8664.5805","8759.9863999999998","8855.3922999999995","8898.7584999999999","8872.7392"
"1901","0.92869999999999997","0.93430000000000002","0.90710000000000002","0.88219999999999998","0.86750000000000005","0.87660000000000005","0.89810000000000001","0.93430000000000002","0.94","0.9536","0.98299999999999998","1.111","1.1778","1.2060999999999999","1.2060999999999999","1.0929","1.137","1.0951","1.0814999999999999","1.1212","1.0487","1.0238","0.9909","0.97170000000000001","0.99319999999999997","0.99209999999999998","0.98980000000000001","1.0023","1.0193000000000001","1.0555000000000001","1.0521","1.0429999999999999","1.0204","1.0159","1.0102","1.0057","1.0034000000000001","1.0102","0.99429999999999996","0.99890000000000001","1","0.99319999999999997","1.0226999999999999","1.0350999999999999","1.0362","1.0555000000000001","1.1052999999999999","1.0940000000000001","1.0633999999999999","1.0929","1.1200000000000001","1.1302000000000001","1.1325000000000001","1.1325000000000001","1.2118","1.5164","2.145","2.9908999999999999","3.0362","3.9897999999999998","4.7202999999999999","4.6920000000000002","4.6647999999999996","4.8289999999999997","5.4246999999999996","5.8516000000000004","5.3498999999999999","4.9581","5.0373999999999999","4.8776999999999999","4.4066000000000001","4.2911000000000001","4.0373999999999999","3.8290000000000002","3.8834","4.1767000000000003","4.5719000000000003","4.923","5.1403999999999996","5.9988999999999999","6.9410999999999996","8.0227000000000004","13.4541","59.789400000000001","117.7576","138.97620000000001","225.22649999999999","238.47","241.9649","238.7157","261.90260000000001","273.02940000000001","278.34539999999998","285.82900000000001","293.8528","308.47449999999998","314.43150000000003","329.49599999999998","328.11779999999999","336.8313","346.67720000000003","364.35789999999997","391.74520000000001","414.97280000000001","433","441.66699999999997","450.50060000000002","456.24239999999998","469.05099999999999","492.90030000000002","517.54589999999996","546.62630000000001","603.31029999999998","720.62059999999997","844.33860000000004","983.82899999999995","1161.9025999999999","1306.5243","1512.145","1831.8901000000001","2174.4540999999999","2529.8402999999998","2909.0419000000002","3216.7995000000001","3493.4144999999999","3706.5129999999999","3877.6896999999999","4069.8279000000002","4338.8211000000001","4603.4892","4898.5289000000002","5163.5016999999998","5380.3692000000001","5592.0725000000002","5891.5549000000001","6121.3249999999998","6227.3737000000001","6339.3126000000002","6439.47","6604.4326000000001","6781.1800999999996","6946.1427000000003","7116.9988999999996","7258.3951999999999","7382.1178","7529.4076999999997","7659.0214999999998","7906.4665999999997","7965.3828000000003","8089.1053000000002","8307.5108","8558.2728999999999","8655.3420000000006","8671.5210000000006","8663.4315000000006","8654.7677999999996","8750.0656999999992","8845.3634999999995","8888.6805999999997","8862.6908000000003"
"1902","0.93500000000000005","0.94069999999999998","0.9133","0.88829999999999998","0.87339999999999995","0.88260000000000005","0.9042","0.94069999999999998","0.94640000000000002","0.96009999999999995","0.98970000000000002","1.1186","1.1859","1.2143999999999999","1.2143999999999999","1.1003000000000001","1.1448","1.1026","1.0889","1.1288","1.0559000000000001","1.0307999999999999","0.99770000000000003","0.97829999999999995","1","0.99890000000000001","0.99660000000000004","1.0091000000000001","1.0262","1.0627","1.0592999999999999","1.0502","1.0274000000000001","1.0227999999999999","1.0170999999999999","1.0125","1.0103","1.0170999999999999","1.0011000000000001","1.0057","1.0067999999999999","1","1.0296000000000001","1.0422","1.0432999999999999","1.0627","1.1129","1.1014999999999999","1.0707","1.1003000000000001","1.1276999999999999","1.1379999999999999","1.1403000000000001","1.1403000000000001","1.2201","1.5267999999999999","2.1596000000000002","3.0114000000000001","3.0569999999999999","4.0171000000000001","4.7526000000000002","4.7241","4.6966999999999999","4.8620000000000001","5.4618000000000002","5.8917000000000002","5.3864999999999998","4.992","5.0717999999999996","4.9111000000000002","4.4367000000000001","4.3204000000000002","4.0650000000000004","3.8552","3.9098999999999999","4.2051999999999996","4.6032000000000002","4.9566999999999997","5.1756000000000002","6.0399000000000003","6.9885999999999999","8.0775000000000006","13.546200000000001","60.198399999999999","118.5633","139.92699999999999","226.76740000000001","240.10149999999999","243.62029999999999","240.34889999999999","263.69439999999997","274.8974","280.24970000000002","287.78449999999998","295.86320000000001","310.5849","316.58269999999999","331.75029999999998","330.36259999999999","339.13569999999999","349.04899999999998","366.85059999999999","394.42529999999999","417.81189999999998","435.9624","444.68869999999998","453.58269999999999","459.36369999999999","472.26","496.27249999999998","521.08669999999995","550.36599999999999","607.43790000000001","725.55070000000001","850.11519999999996","990.55989999999997","1169.8517999999999","1315.4629","1522.4902999999999","1844.423","2189.3307","2547.1482000000001","2928.9441000000002","3238.8072999999999","3517.3146999999999","3731.8712","3904.2188999999998","4097.6715999999997","4368.5051000000003","4634.9840000000004","4932.0421999999999","5198.8278","5417.1790000000001","5630.3307000000004","5931.8620000000001","6163.2040999999999","6269.9782999999998","6382.683","6483.5257000000001","6649.6169","6827.5735000000004","6993.6647999999996","7165.6899000000003","7308.0536000000002","7432.6225999999997","7580.9201999999996","7711.4207999999999","7960.5586999999996","8019.8779999999997","8144.4470000000001","8364.3466000000008","8616.8243999999995","8714.5576000000001","8730.8472000000002","8722.7024000000001","8713.9794999999995","8809.9292999999998","8905.8791000000001","8949.4925999999996","8923.3250000000007"
"1903","0.90810000000000002","0.91359999999999997","0.88700000000000001","0.86270000000000002","0.84830000000000005","0.85709999999999997","0.87819999999999998","0.91359999999999997","0.91920000000000002","0.93240000000000001","0.96120000000000005","1.0864","1.1516999999999999","1.1794","1.1794","1.0687","1.1117999999999999","1.0709","1.0576000000000001","1.0963000000000001","1.0255000000000001","1.0011000000000001","0.96899999999999997","0.95020000000000004","0.97119999999999995","0.97009999999999996","0.96789999999999998","0.98009999999999997","0.99670000000000003","1.0321","1.0287999999999999","1.0199","0.99780000000000002","0.99339999999999995","0.98780000000000001","0.98340000000000005","0.98119999999999996","0.98780000000000001","0.97230000000000005","0.97670000000000001","0.97789999999999999","0.97119999999999995","1","1.0122","1.0133000000000001","1.0321","1.0808","1.0698000000000001","1.0399","1.0687","1.0952","1.1052","1.1073999999999999","1.1073999999999999","1.1849000000000001","1.4827999999999999","2.0975000000000001","2.9247000000000001","2.9689999999999999","3.9014000000000002","4.6157000000000004","4.5880000000000001","4.5614999999999997","4.7220000000000004","5.3045","5.7220000000000004","5.2314999999999996","4.8483000000000001","4.9257999999999997","4.7697000000000003","4.3090000000000002","4.1959999999999997","3.948","3.7442000000000002","3.7972999999999999","4.0842000000000001","4.4706999999999999","4.8140000000000001","5.0266000000000002","5.8659999999999997","6.7873999999999999","7.8449999999999998","13.1561","58.4651","115.1495","135.8981","220.2381","233.1883","236.60579999999999","233.42859999999999","256.1019","266.98230000000001","272.18049999999999","279.49829999999997","287.34440000000001","301.64229999999998","307.46730000000002","322.19819999999999","320.85050000000001","329.37099999999998","338.99889999999999","356.28789999999998","383.06869999999998","405.78179999999998","423.40969999999999","431.88479999999998","440.52269999999999","446.13729999999998","458.66219999999998","481.98340000000002","506.0831","534.51940000000002","589.94799999999998","704.66","825.63789999999995","962.03880000000004","1136.1683","1277.5869","1478.6533999999999","1791.3167000000001","2126.2935000000002","2473.8083999999999","2844.6113","3145.5526","3416.0410000000002","3624.4196999999999","3791.8051","3979.6876999999999","4242.7231000000002","4501.5293000000001","4790.0343000000003","5049.1383999999998","5261.2026999999998","5468.2170999999998","5761.0663999999997","5985.7475000000004","6089.4474","6198.9070000000002","6296.8460999999998","6458.1549999999997","6630.9877999999999","6792.2968000000001","6959.3688000000002","7097.6333999999997","7218.6157000000003","7362.6433999999999","7489.3864999999996","7731.3510999999999","7788.9623000000001","7909.9445999999998","8123.5127000000002","8368.7209000000003","8463.6401000000005","8479.4606999999996","8471.5504000000001","8463.0786000000007","8556.2657999999992","8649.4529000000002","8691.8106000000007","8666.3965000000007"
"1904","0.8972","0.90259999999999996","0.87639999999999996","0.85229999999999995","0.83809999999999996","0.8468","0.86760000000000004","0.90259999999999996","0.90810000000000002","0.92120000000000002","0.94969999999999999","1.0732999999999999","1.1378999999999999","1.1652","1.1652","1.0558000000000001","1.0985","1.0580000000000001","1.0448999999999999","1.0831999999999999","1.0130999999999999","0.98909999999999998","0.95730000000000004","0.93869999999999998","0.95950000000000002","0.95840000000000003","0.95620000000000005","0.96830000000000005","0.98470000000000002","1.0197000000000001","1.0164","1.0077","0.98580000000000001","0.98140000000000005","0.97589999999999999","0.97160000000000002","0.96940000000000004","0.97589999999999999","0.96060000000000001","0.96499999999999997","0.96609999999999996","0.95950000000000002","0.98799999999999999","1","1.0011000000000001","1.0197000000000001","1.0678000000000001","1.0569","1.0274000000000001","1.0558000000000001","1.0821000000000001","1.0919000000000001","1.0941000000000001","1.0941000000000001","1.1707000000000001","1.4650000000000001","2.0722","2.8895","2.9333","3.8544999999999998","4.5602","4.5327999999999999","4.5065999999999997","4.6651999999999996","5.2407000000000004","5.6532","5.1684999999999999","4.7899000000000003","4.8665000000000003","4.7122999999999999","4.2571000000000003","4.1455000000000002","3.9003999999999999","3.6991000000000001","3.7515999999999998","4.0350000000000001","4.4168000000000003","4.7560000000000002","4.9661","5.7953999999999999","6.7057000000000002","7.7504999999999997","12.9978","57.761499999999998","113.7637","134.26259999999999","217.58750000000001","230.3818","233.75819999999999","230.61930000000001","253.0197","263.76909999999998","268.90480000000002","276.13459999999998","283.88619999999997","298.012","303.767","318.32060000000001","316.98910000000001","325.40699999999998","334.91899999999998","352","378.45839999999998","400.89819999999997","418.31400000000002","426.68709999999999","435.221","440.7681","453.1422","476.18270000000001","499.9923","528.08640000000003","582.84789999999998","696.17939999999999","815.70129999999995","950.4606","1122.4945","1262.2112","1460.8578","1769.7582","2100.7035000000001","2444.0360999999998","2810.3764000000001","3107.6958","3374.9288999999999","3580.7997999999998","3746.1707000000001","3931.7921000000001","4191.6619000000001","4447.3534","4732.3861999999999","4988.3720000000003","5197.884","5402.4070000000002","5691.7318999999998","5913.7089999999998","6016.1607999999997","6124.3031000000001","6221.0635000000002","6380.4310999999998","6551.1837999999998","6710.5514000000003","6875.6126999999997","7012.2133000000003","7131.7395999999999","7274.0339000000004","7399.2515999999996","7638.3041999999996","7695.2221","7814.7484000000004","8025.7461999999996","8268.0033000000003","8361.7800999999999","8377.4102999999996","8369.5951999999997","8361.2253999999994","8453.2909999999993","8545.3567000000003","8587.2045999999991","8562.0962999999992"
"1905","0.8962","0.90159999999999996","0.87539999999999996","0.85140000000000005","0.83720000000000006","0.84589999999999999","0.86670000000000003","0.90159999999999996","0.90710000000000002","0.92020000000000002","0.9486","1.0721000000000001","1.1366000000000001","1.1638999999999999","1.1638999999999999","1.0546","1.0972999999999999","1.0568","1.0437000000000001","1.0820000000000001","1.012","0.98799999999999999","0.95630000000000004","0.93769999999999998","0.95850000000000002","0.95740000000000003","0.95520000000000005","0.96719999999999995","0.98360000000000003","1.0185999999999999","1.0153000000000001","1.0065999999999999","0.98470000000000002","0.98029999999999995","0.97489999999999999","0.97050000000000003","0.96830000000000005","0.97489999999999999","0.95960000000000001","0.96389999999999998","0.96499999999999997","0.95850000000000002","0.9869","0.99890000000000001","1","1.0185999999999999","1.0667","1.0557000000000001","1.0262","1.0546","1.0809","1.0907","1.0929","1.0929","1.1694","1.4634","2.0699000000000001","2.8862999999999999","2.9300999999999999","3.8502999999999998","4.5552000000000001","4.5278999999999998","4.5015999999999998","4.6600999999999999","5.2350000000000003","5.6470000000000002","5.1627999999999998","4.7847","4.8612000000000002","4.7070999999999996","4.2525000000000004","4.141","3.8961999999999999","3.6951000000000001","3.7475000000000001","4.0305999999999997","4.4119999999999999","4.7507999999999999","4.9607000000000001","5.7891000000000004","6.6984000000000004","7.7420999999999998","12.983599999999999","57.698399999999999","113.63930000000001","134.11580000000001","217.34970000000001","230.1301","233.5027","230.3672","252.7432","263.48090000000002","268.61090000000002","275.83280000000002","283.57600000000002","297.68630000000002","303.435","317.97269999999997","316.64260000000002","325.0514","334.553","351.61529999999999","378.04480000000001","400.46010000000001","417.85680000000002","426.2208","434.74540000000002","440.28629999999998","452.64699999999999","475.66230000000002","499.44589999999999","527.50930000000005","582.21090000000004","695.41859999999997","814.8098","949.42190000000005","1121.2678000000001","1260.8317","1459.2611999999999","1767.8240000000001","2098.4077000000002","2441.3649999999998","2807.3049000000001","3104.2995000000001","3371.2404000000001","3576.8863000000001","3742.0765000000001","3927.4951000000001","4187.0808999999999","4442.4929000000002","4727.2142000000003","4982.9201999999996","5192.2033000000001","5396.5027","5685.5114999999996","5907.2458999999999","6009.5857999999998","6117.6098000000002","6214.2645000000002","6373.4579000000003","6544.0240000000003","6703.2174999999997","6868.0983999999999","7004.5496999999996","7123.9453999999996","7266.0842000000002","7391.165","7629.9562999999998","7686.8119999999999","7806.2076999999999","8016.9749000000002","8258.9671999999991","8352.6414999999997","8368.2546000000002","8360.4480999999996","8352.0874000000003","8444.0524999999998","8536.0174999999999","8577.8197","8552.7387999999992"
"1906","0.87980000000000003","0.88519999999999999","0.85940000000000005","0.83579999999999999","0.82189999999999996","0.83050000000000002","0.85089999999999999","0.88519999999999999","0.89059999999999995","0.90339999999999998","0.93130000000000002","1.0526","1.1158999999999999","1.1427","1.1427","1.0354000000000001","1.0772999999999999","1.0376000000000001","1.0246999999999999","1.0622","0.99360000000000004","0.97","0.93879999999999997","0.92059999999999997","0.94099999999999995","0.93989999999999996","0.93779999999999997","0.9496","0.9657","1","0.99680000000000002","0.98819999999999997","0.9667","0.96240000000000003","0.95709999999999995","0.95279999999999998","0.9506","0.95709999999999995","0.94210000000000005","0.94640000000000002","0.94740000000000002","0.94099999999999995","0.96889999999999998","0.98070000000000002","0.98180000000000001","1","1.0471999999999999","1.0365","1.0075000000000001","1.0354000000000001","1.0611999999999999","1.0708","1.073","1.073","1.1480999999999999","1.4367000000000001","2.0322","2.8336999999999999","2.8765999999999998","3.78","4.4721000000000002","4.4452999999999996","4.4195000000000002","4.5750999999999999","5.1395","5.5439999999999996","5.0686999999999998","4.6974","4.7725","4.6212","4.1749000000000001","4.0655000000000001","3.8250999999999999","3.6276999999999999","3.6791999999999998","3.9571000000000001","4.3315000000000001","4.6642000000000001","4.8701999999999996","5.6835000000000004","6.5762","7.6009000000000002","12.7468","56.645899999999997","111.5665","131.6695","213.3852","225.9324","229.24359999999999","226.1652","248.13300000000001","258.67489999999998","263.71140000000003","270.80149999999998","278.40339999999998","292.25639999999999","297.90019999999998","312.17270000000002","310.86700000000002","319.1223","328.45060000000001","345.20170000000002","371.14909999999998","393.15559999999999","410.23500000000001","418.44639999999998","426.81549999999999","432.25540000000001","444.39060000000001","466.98610000000002","490.33580000000001","517.88729999999998","571.59119999999996","682.73389999999995","799.94740000000002","932.10410000000002","1100.8154999999999","1237.8336999999999","1432.6438000000001","1735.5782999999999","2060.1320000000001","2396.8337000000001","2756.0987","3047.6759999999999","3309.7478999999998","3511.6426999999999","3673.8197","3855.8562000000002","4110.7070999999996","4361.4602999999997","4640.9881999999998","4892.03","5097.4957000000004","5298.0686999999998","5581.8058000000001","5799.4957000000004","5899.9688999999998","6006.0225","6100.9142000000002","6257.2039000000004","6424.6588000000002","6580.9485000000004","6742.8218999999999","6876.7843000000003","6994.0020999999997","7133.5483000000004","7256.3476000000001","7490.7833000000001","7546.6018999999997","7663.8197","7870.7425000000003","8108.3208000000004","8200.2865000000002","8215.6147999999994","8207.9506000000001","8199.7425000000003","8290.0300000000007","8380.3176000000003","8421.3572999999997","8396.7338999999993"
"1907","0.84019999999999995","0.84530000000000005","0.82069999999999999","0.79820000000000002","0.78480000000000005","0.79300000000000004","0.8125","0.84530000000000005","0.85040000000000004","0.86270000000000002","0.88929999999999998","1.0051000000000001","1.0656000000000001","1.0911999999999999","1.0911999999999999","0.98870000000000002","1.0286999999999999","0.99080000000000001","0.97850000000000004","1.0143","0.94879999999999998","0.92620000000000002","0.89649999999999996","0.87909999999999999","0.89859999999999995","0.89749999999999996","0.89549999999999996","0.90680000000000005","0.92210000000000003","0.95489999999999997","0.95179999999999998","0.94359999999999999","0.92320000000000002","0.91910000000000003","0.91390000000000005","0.90980000000000005","0.90780000000000005","0.91390000000000005","0.89959999999999996","0.90369999999999995","0.90469999999999995","0.89859999999999995","0.92520000000000002","0.9365","0.9375","0.95489999999999997","1","0.98980000000000001","0.96209999999999996","0.98870000000000002","1.0133000000000001","1.0225","1.0246","1.0246","1.0963000000000001","1.3718999999999999","1.9406000000000001","2.7059000000000002","2.7469000000000001","3.6095999999999999","4.2705000000000002","4.2449000000000003","4.2202999999999999","4.3689","4.9077999999999999","5.2941000000000003","4.8402000000000003","4.4856999999999996","4.5574000000000003","4.4128999999999996","3.9866999999999999","3.8822000000000001","3.6526999999999998","3.4641000000000002","3.5133000000000001","3.7787000000000002","4.1363000000000003","4.4539","4.6505999999999998","5.4272999999999998","6.2797000000000001","7.2582000000000004","12.1721","54.092199999999998","106.5369","125.7336","203.7654","215.74690000000001","218.90880000000001","215.9693","236.94669999999999","247.01329999999999","251.8227","258.59320000000002","265.85250000000002","279.08089999999999","284.47030000000001","298.0994","296.85250000000002","304.73570000000001","313.64339999999999","329.63929999999999","354.41699999999997","375.4314","391.74079999999998","399.58199999999999","407.57380000000001","412.76839999999999","424.35660000000001","445.93340000000001","468.23050000000001","494.54","545.82270000000005","651.95489999999995","763.88419999999996","890.08299999999997","1051.1885","1182.0297","1368.0573999999999","1657.335","1967.2572","2288.7797","2631.8483999999999","2910.2806999999998","3160.5378999999998","3353.3308999999999","3508.1967","3682.0266000000001","3925.3883000000001","4164.8370999999997","4431.7632999999996","4671.4876999999997","4867.6905999999999","5059.2213000000002","5330.1670000000004","5538.0429999999997","5633.9867000000004","5735.2592000000004","5825.8729999999996","5975.1167999999998","6135.0225","6284.2664000000004","6438.8422","6566.7654000000002","6678.6988000000001","6811.9539000000004","6929.2172","7153.0839999999998","7206.3863000000001","7318.3197","7515.9138999999996","7742.7817999999997","7830.6013999999996","7845.2386999999999","7837.9201000000003","7830.0820000000003","7916.2992000000004","8002.5164000000004","8041.7058999999999","8018.1926000000003"
"1908","0.84889999999999999","0.85399999999999998","0.82920000000000005","0.80640000000000001","0.79300000000000004","0.80120000000000002","0.82089999999999996","0.85399999999999998","0.85919999999999996","0.87160000000000004","0.89859999999999995","1.0155000000000001","1.0766","1.1025","1.1025","0.999","1.0392999999999999","1.0009999999999999","0.98860000000000003","1.0247999999999999","0.95860000000000001","0.93579999999999997","0.90580000000000005","0.88819999999999999","0.90790000000000004","0.90680000000000005","0.90480000000000005","0.91610000000000003","0.93169999999999997","0.96479999999999999","0.9617","0.95340000000000003","0.93269999999999997","0.92859999999999998","0.9234","0.91930000000000001","0.91720000000000002","0.9234","0.90890000000000004","0.91300000000000003","0.91410000000000002","0.90790000000000004","0.93479999999999996","0.94620000000000004","0.94720000000000004","0.96479999999999999","1.0104","1","0.97199999999999998","0.999","1.0238","1.0330999999999999","1.0351999999999999","1.0351999999999999","1.1076999999999999","1.3861000000000001","1.9607000000000001","2.734","2.7753999999999999","3.6469999999999998","4.3147000000000002","4.2888000000000002","4.2640000000000002","4.4141000000000004","4.9585999999999997","5.3489000000000004","4.8902999999999999","4.5320999999999998","4.6045999999999996","4.4585999999999997","4.0279999999999996","3.9224000000000001","3.6905000000000001","3.5","3.5497000000000001","3.8178000000000001","4.1791","4.5","4.6988000000000003","5.4833999999999996","6.3446999999999996","7.3333000000000004","12.2981","54.652200000000001","107.63979999999999","127.0352","205.87469999999999","217.9803","221.17490000000001","218.20500000000001","239.39959999999999","249.57040000000001","254.42959999999999","261.27019999999999","268.6046","281.97000000000003","287.4151","301.18529999999998","299.9255","307.89030000000002","316.89030000000002","333.05180000000001","358.08589999999998","379.31779999999998","395.79610000000002","403.71839999999997","411.79300000000001","417.04140000000001","428.74950000000001","450.54969999999997","473.07760000000002","499.65940000000001","551.47310000000004","658.70389999999998","771.79190000000006","899.2971","1062.0704000000001","1194.2660000000001","1382.2194999999999","1674.4917","1987.6222","2312.4731000000002","2659.0931999999998","2940.4079000000002","3193.2557000000002","3388.0445","3544.5135","3720.1428999999998","3966.0237999999999","4207.9512999999997","4477.6408000000001","4719.8468000000003","4918.0807000000004","5111.5941999999995","5385.3446999999996","5595.3726999999999","5692.3095000000003","5794.6304","5886.1822000000002","6036.9709999999995","6198.5321000000004","6349.3208999999997","6505.4969000000001","6634.7443000000003","6747.8364000000001","6882.4709999999995","7000.9481999999998","7227.1324999999997","7280.9865","7394.0787","7593.7183999999997","7822.9348","7911.6635999999999","7926.4524000000001","7919.058","7911.1387000000004","7998.2484000000004","8085.3581999999997","8124.9534000000003","8101.1967000000004"
"1909","0.87329999999999997","0.87860000000000005","0.85299999999999998","0.8296","0.81579999999999997","0.82430000000000003","0.84450000000000003","0.87860000000000005","0.88390000000000002","0.89670000000000005","0.9244","1.0447","1.1075999999999999","1.1342000000000001","1.1342000000000001","1.0277000000000001","1.0691999999999999","1.0298","1.0169999999999999","1.0543","0.98619999999999997","0.9627","0.93179999999999996","0.91369999999999996","0.93400000000000005","0.93289999999999995","0.93079999999999996","0.9425","0.95850000000000002","0.99250000000000005","0.98939999999999995","0.98080000000000001","0.95950000000000002","0.95530000000000004","0.94989999999999997","0.94569999999999999","0.94359999999999999","0.94989999999999997","0.93500000000000005","0.93930000000000002","0.94040000000000001","0.93400000000000005","0.9617","0.97340000000000004","0.97440000000000004","0.99250000000000005","1.0394000000000001","1.0287999999999999","1","1.0277000000000001","1.0531999999999999","1.0628","1.0649999999999999","1.0649999999999999","1.1395","1.4259999999999999","2.0169999999999999","2.8126000000000002","2.8552","3.7519","4.4387999999999996","4.4120999999999997","4.3865999999999996","4.5410000000000004","5.1012000000000004","5.5026999999999999","5.0308999999999999","4.6623999999999999","4.7370000000000001","4.5868000000000002","4.1437999999999997","4.0350999999999999","3.7966000000000002","3.6006","3.6518000000000002","3.9276","4.2992999999999997","4.6294000000000004","4.8338999999999999","5.6410999999999998","6.5271999999999997","7.5442","12.6518","56.223599999999998","110.73480000000001","130.68799999999999","211.7945","224.24809999999999","227.53460000000001","224.47919999999999","246.2833","256.74650000000003","261.74549999999999","268.78269999999998","276.32799999999997","290.07769999999999","295.67939999999999","309.84559999999999","308.54950000000002","316.74329999999998","326.00209999999998","342.62830000000002","368.38229999999999","390.22469999999998","407.17680000000001","415.32690000000002","423.63369999999998","429.03300000000002","441.07769999999999","463.50479999999999","486.68049999999999","514.02660000000003","567.33010000000002","677.64430000000004","793.98400000000004","925.15549999999996","1092.6092000000001","1228.606","1421.9638","1722.64","2044.7742000000001","2378.9659000000001","2735.5527000000002","3024.9562999999998","3285.0745000000002","3485.4643000000001","3646.4324000000001","3827.1118000000001","4080.0628000000002","4328.9467999999997","4606.3908000000001","4855.5612000000001","5059.4952000000003","5258.5729000000001","5540.1949000000004","5756.2619999999997","5855.9862000000003","5961.2492000000002","6055.4333999999999","6210.558","6376.7646000000004","6531.8891999999996","6692.5559000000003","6825.5196999999998","6941.8636999999999","7080.3694999999998","7202.2534999999998","7434.9413999999997","7490.3440000000001","7606.6880000000001","7812.0681999999997","8047.8753999999999","8139.1554999999998","8154.3694999999998","8146.7624999999998","8138.6154999999999","8228.23","8317.8444999999992","8358.5782999999992","8334.1383999999998"
"1910","0.84970000000000001","0.85489999999999999","0.83009999999999995","0.80730000000000002","0.79379999999999995","0.80210000000000004","0.82179999999999997","0.85489999999999999","0.86009999999999998","0.87250000000000005","0.89949999999999997","1.0165999999999999","1.0777000000000001","1.1035999999999999","1.1035999999999999","1","1.0404","1.0021","0.98960000000000004","1.0259","0.95960000000000001","0.93679999999999997","0.90669999999999995","0.8891","0.90880000000000005","0.90780000000000005","0.90569999999999995","0.91710000000000003","0.93259999999999998","0.96579999999999999","0.9627","0.95440000000000003","0.93369999999999997","0.92949999999999999","0.9244","0.92020000000000002","0.91810000000000003","0.9244","0.90980000000000005","0.91400000000000003","0.91500000000000004","0.90880000000000005","0.93579999999999997","0.94720000000000004","0.94820000000000004","0.96579999999999999","1.0114000000000001","1.0009999999999999","0.97309999999999997","1","1.0248999999999999","1.0342","1.0363","1.0363","1.1088","1.3875999999999999","1.9626999999999999","2.7368000000000001","2.7782","3.6507999999999998","4.3192000000000004","4.2933000000000003","4.2683999999999997","4.4187000000000003","4.9637000000000002","5.3544","4.8952999999999998","4.5368000000000004","4.6093000000000002","4.4631999999999996","4.0320999999999998","3.9264000000000001","3.6943000000000001","3.5036","3.5533999999999999","3.8218000000000001","4.1833999999999998","4.5046999999999997","4.7035999999999998","5.4890999999999996","6.3513000000000002","7.3409000000000004","12.3109","54.708799999999997","107.7513","127.16679999999999","206.0881","218.2062","221.4041","218.43109999999999","239.64769999999999","249.82900000000001","254.69329999999999","261.54090000000002","268.88290000000001","282.26220000000001","287.71300000000002","301.49740000000003","300.23630000000003","308.20929999999998","317.21870000000001","333.39690000000002","358.45699999999999","379.71089999999998","396.20620000000002","404.13679999999999","412.21969999999999","417.47359999999998","429.19380000000001","451.01659999999998","473.56790000000001","500.17720000000003","552.04459999999995","659.38649999999996","772.59169999999995","900.22900000000004","1063.171","1195.5036","1383.6518000000001","1676.2268999999999","1989.6819","2314.8694","2661.8487","2943.4549000000002","3196.5648000000001","3391.5554000000002","3548.1864999999998","3723.9978999999998","3970.1336999999999","4212.3118999999997","4482.2808000000005","4724.7377999999999","4923.1772000000001","5116.8912","5390.9254000000001","5601.1710000000003","5698.2083000000002","5800.6351999999997","5892.2819","6043.2268999999997","6204.9553999999998","6355.9004999999997","6512.2383","6641.6197000000002","6754.8289999999997","6889.6031000000003","7008.2030999999997","7234.6217999999999","7288.5316000000003","7401.7408999999998","7601.5875999999998","7831.0415000000003","7919.8621999999996","7934.6662999999999","7927.2641999999996","7919.3368","8006.5367999999999","8093.7367999999997","8133.3730999999998","8109.5916999999999"
"1911","0.82909999999999995","0.83420000000000005","0.80989999999999995","0.78769999999999996","0.77449999999999997","0.78259999999999996","0.80179999999999996","0.83420000000000005","0.83919999999999995","0.85140000000000005","0.87770000000000004","0.9919","1.0516000000000001","1.0768","1.0768","0.97570000000000001","1.0152000000000001","0.9778","0.96560000000000001","1.0009999999999999","0.93630000000000002","0.91410000000000002","0.88470000000000004","0.86750000000000005","0.88680000000000003","0.88570000000000004","0.88370000000000004","0.89480000000000004","0.91","0.94240000000000002","0.93930000000000002","0.93120000000000003","0.91100000000000003","0.90700000000000003","0.90190000000000003","0.89790000000000003","0.89590000000000003","0.90190000000000003","0.88780000000000003","0.89180000000000004","0.89280000000000004","0.88680000000000003","0.91300000000000003","0.92420000000000002","0.92520000000000002","0.94240000000000002","0.9869","0.97670000000000001","0.94940000000000002","0.97570000000000001","1","1.0091000000000001","1.0111000000000001","1.0111000000000001","1.0819000000000001","1.3539000000000001","1.9151","2.6703999999999999","2.7107999999999999","3.5621999999999998","4.2144000000000004","4.1890999999999998","4.1647999999999996","4.3113999999999999","4.8433000000000002","5.2244999999999999","4.7765000000000004","4.4267000000000003","4.4974999999999996","4.3548999999999998","3.9342999999999999","3.8311000000000002","3.6046999999999998","3.4186000000000001","3.4670999999999998","3.7290000000000001","4.0819000000000001","4.3952999999999998","4.5895000000000001","5.3559000000000001","6.1971999999999996","7.1627999999999998","12.0121","53.3812","105.1365","124.0809","201.08699999999999","212.911","216.03129999999999","213.13040000000001","233.8322","243.7664","248.51259999999999","255.19409999999999","262.35789999999997","275.41250000000002","280.73099999999999","294.18099999999998","292.95049999999998","300.73","309.52069999999998","325.3064","349.75830000000002","370.49650000000003","386.5915","394.32960000000003","402.21640000000002","407.34280000000001","418.77859999999998","440.0718","462.07580000000002","488.0394","538.6481","643.38520000000005","753.8433","878.38319999999999","1037.3711000000001","1166.4924000000001","1350.0748000000001","1635.5500999999999","1941.3984","2258.6945999999998","2597.2538","2872.0263","3118.9938999999999","3309.2528000000002","3462.0828999999999","3633.6279","3873.7907","4110.0919999999996","4373.5096000000003","4610.0829000000003","4803.7067999999999","4992.7199000000001","5260.1040999999996","5465.2476999999999","5559.9301999999998","5659.8716000000004","5749.2942000000003","5896.5762999999997","6054.3801999999996","6201.6623","6354.2062999999998","6480.4479000000001","6590.91","6722.4134999999997","6838.1355000000003","7059.0596999999998","7111.6612999999998","7222.1234000000004","7417.1202999999996","7641.0060999999996","7727.6714000000002","7742.1162999999997","7734.8937999999998","7727.1587","7812.2426999999998","7897.3266000000003","7936.0010000000002","7912.7968000000001"
"1912","0.8216","0.82669999999999999","0.80259999999999998","0.78059999999999996","0.76749999999999996","0.77559999999999996","0.79459999999999997","0.82669999999999999","0.83169999999999999","0.84370000000000001","0.86970000000000003","0.98299999999999998","1.0421","1.0670999999999999","1.0670999999999999","0.96689999999999998","1.006","0.96889999999999998","0.95689999999999997","0.99199999999999999","0.92789999999999995","0.90580000000000005","0.87680000000000002","0.85970000000000002","0.87880000000000003","0.87780000000000002","0.87580000000000002","0.88680000000000003","0.90180000000000005","0.93389999999999995","0.93089999999999995","0.92279999999999995","0.90280000000000005","0.89880000000000004","0.89380000000000004","0.88980000000000004","0.88780000000000003","0.89380000000000004","0.87980000000000003","0.88380000000000003","0.88480000000000003","0.87880000000000003","0.90480000000000005","0.91579999999999995","0.91679999999999995","0.93389999999999995","0.97799999999999998","0.96789999999999998","0.94089999999999996","0.96689999999999998","0.99099999999999999","1","1.002","1.002","1.0721000000000001","1.3416999999999999","1.8977999999999999","2.6463000000000001","2.6863999999999999","3.5301","4.1764000000000001","4.1513","4.1273","4.2725","4.7995999999999999","5.1773999999999996","4.7335000000000003","4.3868","4.4569000000000001","4.3155999999999999","3.8988","3.7966000000000002","3.5720999999999998","3.3877999999999999","3.4359000000000002","3.6953999999999998","4.0450999999999997","4.3556999999999997","4.5480999999999998","5.3075999999999999","6.1413000000000002","7.0982000000000003","11.9038","52.899799999999999","104.1884","122.9619","199.27350000000001","210.99100000000001","214.08320000000001","211.20840000000001","231.7234","241.56809999999999","246.2715","252.89279999999999","259.99200000000002","272.9289","278.19940000000003","291.52809999999999","290.30860000000001","298.01799999999997","306.72949999999997","322.37270000000001","346.60419999999999","367.15530000000001","383.10520000000002","390.77350000000001","398.58920000000001","403.66930000000002","415.00200000000001","436.10320000000002","457.90879999999999","483.63830000000002","533.79060000000004","637.58320000000003","747.04510000000005","870.46190000000001","1028.0160000000001","1155.9729","1337.8997999999999","1620.8006","1923.8907999999999","2238.3256999999999","2573.8317000000002","2846.1262999999999","3090.8667","3279.4097999999999","3430.8616999999999","3600.8597","3838.8566999999998","4073.0270999999998","4334.0690999999997","4568.509","4760.3868000000002","4947.6953999999996","5212.6683000000003","5415.9619000000002","5509.7906000000003","5608.8307000000004","5697.4468999999999","5843.4008000000003","5999.7816000000003","6145.7354999999998","6296.9038","6422.0069999999996","6531.4728999999998","6661.7906000000003","6776.4688999999998","6995.4008000000003","7047.5281000000004","7156.9939999999997","7350.2325000000001","7572.0991999999997","7657.9830000000002","7672.2975999999999","7665.1403","7657.4749000000002","7741.7915999999996","7826.1081999999997","7864.4339","7841.4389000000001"
"1913","0.82","0.82499999999999996","0.80100000000000005","0.77900000000000003","0.76600000000000001","0.77400000000000002","0.79300000000000004","0.82499999999999996","0.83","0.84199999999999997","0.86799999999999999","0.98099999999999998","1.04","1.0649999999999999","1.0649999999999999","0.96499999999999997","1.004","0.96699999999999997","0.95499999999999996","0.99","0.92600000000000005","0.90400000000000003","0.875","0.85799999999999998","0.877","0.876","0.874","0.88500000000000001","0.9","0.93200000000000005","0.92900000000000005","0.92100000000000004","0.90100000000000002","0.89700000000000002","0.89200000000000002","0.88800000000000001","0.88600000000000001","0.89200000000000002","0.878","0.88200000000000001","0.88300000000000001","0.877","0.90300000000000002","0.91400000000000003","0.91500000000000004","0.93200000000000005","0.97599999999999998","0.96599999999999997","0.93899999999999995","0.96499999999999997","0.98899999999999999","0.998","1","1","1.07","1.339","1.8939999999999999","2.641","2.681","3.5230000000000001","4.1680000000000001","4.1429999999999998","4.1189999999999998","4.2640000000000002","4.79","5.1669999999999998","4.7240000000000002","4.3780000000000001","4.4480000000000004","4.3070000000000004","3.891","3.7890000000000001","3.5649999999999999","3.3809999999999998","3.4289999999999998","3.6880000000000002","4.0369999999999999","4.3470000000000004","4.5389999999999997","5.2969999999999997","6.1289999999999996","7.0839999999999996","11.88","52.793999999999997","103.98","122.71599999999999","198.875","210.56899999999999","213.655","210.786","231.26","241.08500000000001","245.779","252.387","259.47199999999998","272.38299999999998","277.64299999999997","290.94499999999999","289.72800000000001","297.42200000000003","306.11599999999999","321.72800000000001","345.911","366.42099999999999","382.339","389.99200000000002","397.79199999999997","402.86200000000002","414.17200000000003","435.23099999999999","456.99299999999999","482.67099999999999","532.72299999999996","636.30799999999999","745.55100000000004","868.721","1025.96","1153.6610000000001","1335.2239999999999","1617.559","1920.0429999999999","2233.8490000000002","2568.6840000000002","2840.4340000000002","3084.6849999999999","3272.8510000000001","3424","3593.6579999999999","3831.1790000000001","4064.8809999999999","4325.4009999999998","4559.3720000000003","4750.866","4937.8","5202.2430000000004","5405.13","5498.7709999999997","5597.6130000000003","5686.0519999999997","5831.7139999999999","5987.7820000000002","6133.4440000000004","6284.31","6409.1629999999996","6518.41","6648.4669999999996","6762.9160000000002","6981.41","7033.433","7142.68","7335.5320000000002","7556.9549999999999","7642.6670000000004","7656.9530000000004","7649.81","7642.16","7726.308","7810.4560000000001","7848.7049999999999","7825.7560000000003"
"1914","0.82","0.82499999999999996","0.80100000000000005","0.77900000000000003","0.76600000000000001","0.77400000000000002","0.79300000000000004","0.82499999999999996","0.83","0.84199999999999997","0.86799999999999999","0.98099999999999998","1.04","1.0649999999999999","1.0649999999999999","0.96499999999999997","1.004","0.96699999999999997","0.95499999999999996","0.99","0.92600000000000005","0.90400000000000003","0.875","0.85799999999999998","0.877","0.876","0.874","0.88500000000000001","0.9","0.93200000000000005","0.92900000000000005","0.92100000000000004","0.90100000000000002","0.89700000000000002","0.89200000000000002","0.88800000000000001","0.88600000000000001","0.89200000000000002","0.878","0.88200000000000001","0.88300000000000001","0.877","0.90300000000000002","0.91400000000000003","0.91500000000000004","0.93200000000000005","0.97599999999999998","0.96599999999999997","0.93899999999999995","0.96499999999999997","0.98899999999999999","0.998","1","1","1.07","1.339","1.8939999999999999","2.641","2.681","3.5230000000000001","4.1680000000000001","4.1429999999999998","4.1189999999999998","4.2640000000000002","4.79","5.1669999999999998","4.7240000000000002","4.3780000000000001","4.4480000000000004","4.3070000000000004","3.891","3.7890000000000001","3.5649999999999999","3.3809999999999998","3.4289999999999998","3.6880000000000002","4.0369999999999999","4.3470000000000004","4.5389999999999997","5.2969999999999997","6.1289999999999996","7.0839999999999996","11.88","52.793999999999997","103.98","122.71599999999999","198.875","210.56899999999999","213.655","210.786","231.26","241.08500000000001","245.779","252.387","259.47199999999998","272.38299999999998","277.64299999999997","290.94499999999999","289.72800000000001","297.42200000000003","306.11599999999999","321.72800000000001","345.911","366.42099999999999","382.339","389.99200000000002","397.79199999999997","402.86200000000002","414.17200000000003","435.23099999999999","456.99299999999999","482.67099999999999","532.72299999999996","636.30799999999999","745.55100000000004","868.721","1025.96","1153.6610000000001","1335.2239999999999","1617.559","1920.0429999999999","2233.8490000000002","2568.6840000000002","2840.4340000000002","3084.6849999999999","3272.8510000000001","3424","3593.6579999999999","3831.1790000000001","4064.8809999999999","4325.4009999999998","4559.3720000000003","4750.866","4937.8","5202.2430000000004","5405.13","5498.7709999999997","5597.6130000000003","5686.0519999999997","5831.7139999999999","5987.7820000000002","6133.4440000000004","6284.31","6409.1629999999996","6518.41","6648.4669999999996","6762.9160000000002","6981.41","7033.433","7142.68","7335.5320000000002","7556.9549999999999","7642.6670000000004","7656.9530000000004","7649.81","7642.16","7726.308","7810.4560000000001","7848.7049999999999","7825.7560000000003"
"1915","0.76639999999999997","0.77100000000000002","0.74860000000000004","0.72799999999999998","0.71589999999999998","0.72340000000000004","0.74109999999999998","0.77100000000000002","0.77569999999999995","0.78690000000000004","0.81120000000000003","0.91679999999999995","0.97199999999999998","0.99529999999999996","0.99529999999999996","0.90190000000000003","0.93830000000000002","0.90369999999999995","0.89249999999999996","0.92520000000000002","0.86539999999999995","0.84489999999999998","0.81779999999999997","0.80189999999999995","0.8196","0.81869999999999998","0.81679999999999997","0.82709999999999995","0.84109999999999996","0.871","0.86819999999999997","0.86070000000000002","0.84209999999999996","0.83830000000000005","0.83360000000000001","0.82989999999999997","0.82799999999999996","0.83360000000000001","0.8206","0.82430000000000003","0.82520000000000004","0.8196","0.84389999999999998","0.85419999999999996","0.85509999999999997","0.871","0.91210000000000002","0.90280000000000005","0.87760000000000005","0.90190000000000003","0.92430000000000001","0.93269999999999997","0.93459999999999999","0.93459999999999999","1","1.2514000000000001","1.7701","2.4681999999999999","2.5055999999999998","3.2925","3.8953000000000002","3.8719999999999999","3.8494999999999999","3.9849999999999999","4.4766000000000004","4.8289999999999997","4.415","4.0915999999999997","4.157","4.0251999999999999","3.6364000000000001","3.5411000000000001","3.3317999999999999","3.1598000000000002","3.2046999999999999","3.4466999999999999","3.7728999999999999","4.0625999999999998","4.2420999999999998","4.9504999999999999","5.7279999999999998","6.6205999999999996","11.1028","49.340200000000003","97.177599999999998","114.6879","185.86449999999999","196.79349999999999","199.67760000000001","196.99629999999999","216.13079999999999","225.31309999999999","229.7","235.87569999999999","242.49719999999999","254.56360000000001","259.4794","271.91120000000001","270.77379999999999","277.96449999999999","286.08969999999999","300.68040000000002","323.28129999999999","342.4495","357.32619999999997","364.4785","371.76819999999998","376.50650000000002","387.07659999999998","406.75790000000001","427.09629999999999","451.09440000000001","497.87200000000001","594.68039999999996","696.77660000000003","811.88879999999995","958.84109999999998","1078.1878999999999","1247.8729000000001","1511.7374","1794.4327000000001","2087.7093","2400.6392999999998","2654.6111999999998","2882.8832000000002","3058.7393000000002","3200","3358.5589","3580.5410999999999","3798.9542000000001","4042.4308000000001","4261.0953","4440.0617000000002","4614.7664000000004","4861.9093000000003","5051.5234","5139.0383000000002","5231.4139999999998","5314.0672999999997","5450.2","5596.0578999999998","5732.1907000000001","5873.1868999999997","5989.8720000000003","6091.9719999999998","6213.5205999999998","6320.4822000000004","6524.6822000000002","6573.3019000000004","6675.4018999999998","6855.6373999999996","7062.5748000000003","7142.6794","7156.0308000000005","7149.3550999999998","7142.2056000000002","7220.8486000000003","7299.4916000000003","7335.2383","7313.7906999999996"
"1916","0.61240000000000006","0.61609999999999998","0.59819999999999995","0.58179999999999998","0.57210000000000005","0.57799999999999996","0.59219999999999995","0.61609999999999998","0.61990000000000001","0.62880000000000003","0.6482","0.73260000000000003","0.77669999999999995","0.7954","0.7954","0.72070000000000001","0.74980000000000002","0.72219999999999995","0.71319999999999995","0.73939999999999995","0.69159999999999999","0.67510000000000003","0.65349999999999997","0.64080000000000004","0.65500000000000003","0.6542","0.65269999999999995","0.66090000000000004","0.67210000000000003","0.69599999999999995","0.69379999999999997","0.68779999999999997","0.67290000000000005","0.66990000000000005","0.66620000000000001","0.66320000000000001","0.66169999999999995","0.66620000000000001","0.65569999999999995","0.65869999999999995","0.65939999999999999","0.65500000000000003","0.6744","0.68259999999999998","0.68330000000000002","0.69599999999999995","0.72889999999999999","0.72140000000000004","0.70130000000000003","0.72070000000000001","0.73860000000000003","0.74529999999999996","0.74680000000000002","0.74680000000000002","0.79910000000000003","1","1.4145000000000001","1.9723999999999999","2.0022000000000002","2.6311","3.1128","3.0941000000000001","3.0762","3.1844999999999999","3.5773000000000001","3.8588","3.528","3.2696000000000001","3.3218999999999999","3.2166000000000001","2.9058999999999999","2.8296999999999999","2.6623999999999999","2.5249999999999999","2.5609000000000002","2.7543000000000002","3.0148999999999999","3.2465000000000002","3.3898000000000001","3.9559000000000002","4.5773000000000001","5.2904999999999998","8.8722999999999992","39.427900000000001","77.655000000000001","91.647499999999994","148.52500000000001","157.25839999999999","159.56309999999999","157.4205","172.71100000000001","180.04849999999999","183.55410000000001","188.48920000000001","193.78039999999999","203.42269999999999","207.351","217.28530000000001","216.37639999999999","222.1225","228.61539999999999","240.2748","258.33530000000002","273.65269999999998","285.54070000000002","291.25619999999998","297.08139999999997","300.86779999999999","309.31439999999998","325.04180000000002","341.29419999999999","360.47120000000001","397.85140000000001","475.21140000000003","556.79690000000005","648.78340000000003","766.21360000000004","861.58399999999995","997.18","1208.0351000000001","1433.9380000000001","1668.2964999999999","1918.36","2121.3099000000002","2303.7229000000002","2444.2501999999999","2557.1322","2683.8371999999999","2861.2240000000002","3035.7588000000001","3230.3218999999999","3405.0574999999999","3548.0702000000001","3687.6774","3885.1703000000002","4036.6916000000001","4106.6251000000002","4180.4429","4246.4913999999999","4355.2755999999999","4471.8311999999996","4580.6153999999997","4693.2860000000001","4786.5294999999996","4868.1180000000004","4965.2479000000003","5050.7214000000004","5213.8984","5252.7506000000003","5334.3391000000001","5478.3658999999998","5643.7304000000004","5707.7422999999999","5718.4115000000002","5713.0769","5707.3636999999999","5770.2075999999997","5833.0514999999996","5861.6169","5844.4780000000001"
"1917","0.43290000000000001","0.43559999999999999","0.4229","0.4113","0.40439999999999998","0.40870000000000001","0.41870000000000002","0.43559999999999999","0.43819999999999998","0.4446","0.45829999999999999","0.51800000000000002","0.54910000000000003","0.56230000000000002","0.56230000000000002","0.50949999999999995","0.53010000000000002","0.51060000000000005","0.50419999999999998","0.52270000000000005","0.4889","0.4773","0.46200000000000002","0.45300000000000001","0.46300000000000002","0.46250000000000002","0.46150000000000002","0.46729999999999999","0.47520000000000001","0.49209999999999998","0.49049999999999999","0.48630000000000001","0.47570000000000001","0.47360000000000002","0.47099999999999997","0.46879999999999999","0.46779999999999999","0.47099999999999997","0.46360000000000001","0.4657","0.4662","0.46300000000000002","0.4768","0.48259999999999997","0.48309999999999997","0.49209999999999998","0.51529999999999998","0.51","0.49580000000000002","0.50949999999999995","0.5222","0.52690000000000003","0.52800000000000002","0.52800000000000002","0.56489999999999996","0.70699999999999996","1","1.3944000000000001","1.4155","1.8601000000000001","2.2006000000000001","2.1873999999999998","2.1747999999999998","2.2513000000000001","2.5289999999999999","2.7281","2.4942000000000002","2.3115000000000001","2.3485","2.274","2.0543999999999998","2.0005000000000002","1.8823000000000001","1.7850999999999999","1.8105","1.9472","2.1315","2.2951000000000001","2.3965000000000001","2.7967","3.2360000000000002","3.7402000000000002","6.2724000000000002","27.874300000000002","54.899700000000003","64.792000000000002","105.0026","111.1769","112.8062","111.2914","122.1014","127.28879999999999","129.7672","133.2561","136.99680000000001","143.81360000000001","146.5908","153.614","152.97149999999999","157.03380000000001","161.6241","169.86689999999999","182.6352","193.4641","201.86850000000001","205.9092","210.0275","212.70429999999999","218.67580000000001","229.7946","241.28460000000001","254.84209999999999","281.26870000000002","335.9599","393.63830000000002","458.67","541.68949999999995","609.11350000000004","704.97569999999996","854.04380000000003","1013.7503","1179.4345000000001","1356.2218","1499.7012","1628.6615999999999","1728.01","1807.8141000000001","1897.3906999999999","2022.7978000000001","2146.1885000000002","2283.7386000000001","2407.2714000000001","2508.377","2607.0749999999998","2746.6963999999998","2853.8173000000002","2903.2582000000002","2955.4450999999999","3002.1394","3079.0464999999999","3161.4477000000002","3238.3548000000001","3318.0095000000001","3383.9297999999999","3441.6102999999998","3510.2782000000002","3570.7053999999998","3686.0664999999999","3713.5338000000002","3771.2143999999998","3873.0369999999998","3989.9445999999998","4035.1990000000001","4042.7417999999998","4038.9704000000002","4034.9313999999999","4079.3600999999999","4123.7888000000003","4143.9835999999996","4131.8669"
"1918","0.3105","0.31240000000000001","0.30330000000000001","0.29499999999999998","0.28999999999999998","0.29310000000000003","0.30030000000000001","0.31240000000000001","0.31430000000000002","0.31879999999999997","0.32869999999999999","0.3715","0.39379999999999998","0.40329999999999999","0.40329999999999999","0.3654","0.38019999999999998","0.36609999999999998","0.36159999999999998","0.37490000000000001","0.35060000000000002","0.34229999999999999","0.33129999999999998","0.32490000000000002","0.33210000000000001","0.33169999999999999","0.33090000000000003","0.33510000000000001","0.34079999999999999","0.35289999999999999","0.3518","0.34870000000000001","0.3412","0.33960000000000001","0.33779999999999999","0.3362","0.33550000000000002","0.33779999999999999","0.33239999999999997","0.33400000000000002","0.33429999999999999","0.33210000000000001","0.34189999999999998","0.34610000000000002","0.34649999999999997","0.35289999999999999","0.36959999999999998","0.36580000000000001","0.35549999999999998","0.3654","0.3745","0.37790000000000001","0.37859999999999999","0.37859999999999999","0.40510000000000002","0.50700000000000001","0.71719999999999995","1","1.0150999999999999","1.3340000000000001","1.5782","1.5687","1.5596000000000001","1.6145","1.8137000000000001","1.9564999999999999","1.7887","1.6577","1.6841999999999999","1.6308","1.4733000000000001","1.4347000000000001","1.3499000000000001","1.2802","1.2984","1.3964000000000001","1.5286","1.6459999999999999","1.7186999999999999","2.0057","2.3207","2.6823000000000001","4.4983000000000004","19.990200000000002","39.371499999999997","46.465699999999998","75.302899999999994","79.730800000000002","80.899299999999997","79.812899999999999","87.565299999999993","91.285499999999999","93.062899999999999","95.564899999999994","98.247600000000006","103.13630000000001","105.128","110.1647","109.7039","112.6172","115.9091","121.8205","130.97730000000001","138.7433","144.7705","147.66829999999999","150.6217","152.54150000000001","156.82390000000001","164.7978","173.03790000000001","182.76070000000001","201.71260000000001","240.93450000000001","282.29880000000003","328.93639999999999","388.47410000000002","436.82729999999998","505.5752","612.47969999999998","727.0136","845.83450000000005","972.61789999999996","1075.5146","1167.9989","1239.2469000000001","1296.4785999999999","1360.7186999999999","1450.6547","1539.1446000000001","1637.7891","1726.3809000000001","1798.8891000000001","1869.6705999999999","1969.8005000000001","2046.6224999999999","2082.0790999999999","2119.5050999999999","2152.9920000000002","2208.1462000000001","2267.2404000000001","2322.3944999999999","2379.5191","2426.7939999999999","2468.1597999999999","2517.4050999999999","2560.7406000000001","2643.4722000000002","2663.1704","2704.5362","2777.5585000000001","2861.3991000000001","2893.8535000000002","2899.2628","2896.5581000000002","2893.6615000000002","2925.5237000000002","2957.3858","2971.8685999999998","2963.1790999999998"
"1919","0.30590000000000001","0.30769999999999997","0.29880000000000001","0.29060000000000002","0.28570000000000001","0.28870000000000001","0.29580000000000001","0.30769999999999997","0.30959999999999999","0.31409999999999999","0.32379999999999998","0.3659","0.38790000000000002","0.3972","0.3972","0.3599","0.3745","0.36070000000000002","0.35620000000000002","0.36930000000000002","0.34539999999999998","0.3372","0.32640000000000002","0.32","0.3271","0.32669999999999999","0.32600000000000001","0.3301","0.3357","0.34760000000000002","0.34649999999999997","0.34350000000000003","0.33610000000000001","0.33460000000000001","0.3327","0.33119999999999999","0.33050000000000002","0.3327","0.32750000000000001","0.32900000000000001","0.32940000000000003","0.3271","0.33679999999999999","0.34089999999999998","0.34129999999999999","0.34760000000000002","0.36399999999999999","0.36030000000000001","0.35020000000000001","0.3599","0.36890000000000001","0.37219999999999998","0.373","0.373","0.39910000000000001","0.49940000000000001","0.70650000000000002","0.98509999999999998","1","1.3141","1.5546","1.5452999999999999","1.5364","1.5905","1.7866","1.9273","1.762","1.633","1.6591","1.6065","1.4513","1.4133","1.3297000000000001","1.2611000000000001","1.2789999999999999","1.3755999999999999","1.5058","1.6214","1.6930000000000001","1.9758","2.2860999999999998","2.6423000000000001","4.4311999999999996","19.6919","38.783999999999999","45.772500000000001","74.179400000000001","78.541200000000003","79.692300000000003","78.622200000000007","86.258899999999997","89.923500000000004","91.674400000000006","94.139099999999999","96.781800000000004","101.5975","103.5595","108.5211","108.0671","110.937","114.1798","120.003","129.0231","136.67330000000001","142.61060000000001","145.46510000000001","148.37450000000001","150.26560000000001","154.48410000000001","162.3391","170.4562","180.03389999999999","198.70310000000001","237.3398","278.08690000000001","324.02870000000001","382.67809999999997","430.31","498.03210000000001","603.34169999999995","716.16669999999999","833.21479999999997","958.10670000000005","1059.4681","1150.5725","1220.7575999999999","1277.1353999999999","1340.4169999999999","1429.0111999999999","1516.1809000000001","1613.3535999999999","1700.6235999999999","1772.05","1841.7755","1940.4114","2016.0872999999999","2051.0149000000001","2087.8825000000002","2120.8697999999999","2175.201","2233.4137000000001","2287.7449000000001","2344.0171999999998","2390.5866999999998","2431.3353000000002","2479.846","2522.5349000000001","2604.0320999999999","2623.4364","2664.1849999999999","2736.1179000000002","2818.7076000000002","2850.6777000000002","2856.0063","2853.3420000000001","2850.4886000000001","2881.8753999999999","2913.2622000000001","2927.5288999999998","2918.9690000000001"
"1920","0.23280000000000001","0.23419999999999999","0.22739999999999999","0.22109999999999999","0.21740000000000001","0.21970000000000001","0.22509999999999999","0.23419999999999999","0.2356","0.23899999999999999","0.24640000000000001","0.27850000000000003","0.29520000000000002","0.30230000000000001","0.30230000000000001","0.27389999999999998","0.28499999999999998","0.27450000000000002","0.27110000000000001","0.28100000000000003","0.26279999999999998","0.25659999999999999","0.24840000000000001","0.24349999999999999","0.24890000000000001","0.2487","0.24809999999999999","0.25119999999999998","0.2555","0.26450000000000001","0.26369999999999999","0.26140000000000002","0.25569999999999998","0.25459999999999999","0.25319999999999998","0.25209999999999999","0.2515","0.25319999999999998","0.2492","0.25040000000000001","0.25059999999999999","0.24890000000000001","0.25629999999999997","0.25940000000000002","0.25969999999999999","0.26450000000000001","0.27700000000000002","0.2742","0.26650000000000001","0.27389999999999998","0.28070000000000001","0.2833","0.2838","0.2838","0.30370000000000003","0.38009999999999999","0.53759999999999997","0.74960000000000004","0.76100000000000001","1","1.1831","1.1759999999999999","1.1692","1.2102999999999999","1.3595999999999999","1.4665999999999999","1.3409","1.2426999999999999","1.2625999999999999","1.2224999999999999","1.1045","1.0754999999999999","1.0119","0.9597","0.97330000000000005","1.0468","1.1458999999999999","1.2339","1.2884","1.5035000000000001","1.7397","2.0108000000000001","3.3721000000000001","14.9855","29.514600000000002","34.832799999999999","56.450499999999998","59.769799999999996","60.645800000000001","59.831400000000002","65.642899999999997","68.431700000000006","69.764099999999999","71.639799999999994","73.650899999999993","77.315600000000003","78.808700000000002","82.584400000000002","82.239000000000004","84.422899999999998","86.890699999999995","91.322199999999995","98.186499999999995","104.0082","108.5265","110.69880000000001","112.91289999999999","114.352","117.56229999999999","123.5399","129.71700000000001","137.00569999999999","151.21289999999999","180.61539999999999","211.62389999999999","246.5856","291.21769999999998","327.46550000000002","379.00200000000001","459.14249999999998","545.00229999999999","634.07579999999996","729.11839999999995","806.25429999999994","875.5847","928.99549999999999","971.89890000000003","1020.0562","1087.4763","1153.8124","1227.7607","1294.1731","1348.5284999999999","1401.5896","1476.6514","1534.2407000000001","1560.8206","1588.8768","1613.9801","1655.3261","1699.6259","1740.9719","1783.7951","1819.2345","1850.2440999999999","1887.1606999999999","1919.6469","1981.6661999999999","1996.4329","2027.4425000000001","2082.1833999999999","2145.0340999999999","2169.3633","2173.4184","2171.3908999999999","2169.2194","2193.1046999999999","2216.9901","2227.8470000000002","2221.3330000000001"
"1921","0.19670000000000001","0.19789999999999999","0.19220000000000001","0.18690000000000001","0.18379999999999999","0.1857","0.1903","0.19789999999999999","0.1991","0.20200000000000001","0.20830000000000001","0.2354","0.2495","0.2555","0.2555","0.23150000000000001","0.2409","0.23200000000000001","0.2291","0.23749999999999999","0.22220000000000001","0.21690000000000001","0.2099","0.2059","0.2104","0.2102","0.2097","0.21229999999999999","0.21590000000000001","0.22359999999999999","0.22289999999999999","0.221","0.2162","0.2152","0.214","0.21310000000000001","0.21260000000000001","0.214","0.2107","0.21160000000000001","0.21190000000000001","0.2104","0.2167","0.21929999999999999","0.2195","0.22359999999999999","0.23419999999999999","0.23180000000000001","0.2253","0.23150000000000001","0.23730000000000001","0.2394","0.2399","0.2399","0.25669999999999998","0.32129999999999997","0.45440000000000003","0.63360000000000005","0.64319999999999999","0.84519999999999995","1","0.99399999999999999","0.98819999999999997","1.0229999999999999","1.1492","1.2397","1.1334","1.0504","1.0671999999999999","1.0333000000000001","0.9335","0.90910000000000002","0.85529999999999995","0.81120000000000003","0.82269999999999999","0.88480000000000003","0.96860000000000002","1.0428999999999999","1.089","1.2708999999999999","1.4704999999999999","1.6996","2.8502999999999998","12.666499999999999","24.947199999999999","29.442399999999999","47.714700000000001","50.520400000000002","51.260800000000003","50.572499999999998","55.4846","57.841900000000003","58.9681","60.5535","62.253399999999999","65.350999999999999","66.613","69.804500000000004","69.512500000000003","71.358400000000003","73.444299999999998","77.19","82.992099999999994","87.912899999999993","91.731999999999999","93.568100000000001","95.439499999999995","96.656000000000006","99.369500000000002","104.422","109.64319999999999","115.804","127.8126","152.6651","178.875","208.4263","246.1516","276.7901","320.35120000000001","388.09","460.66289999999998","535.95230000000004","616.28689999999995","681.48609999999996","740.08759999999995","785.23299999999995","821.49710000000005","862.202","919.18880000000001","975.25940000000003","1037.7642000000001","1093.8992000000001","1139.8431","1184.6929","1248.1388999999999","1296.8162","1319.2828999999999","1342.9974","1364.2158999999999","1399.1636000000001","1436.6079999999999","1471.5556999999999","1507.7519","1537.7071000000001","1563.9178999999999","1595.1215999999999","1622.5806","1675.0024000000001","1687.4838999999999","1713.6948","1759.9645","1813.0889999999999","1833.6532999999999","1837.0808999999999","1835.3670999999999","1833.5317","1853.7207000000001","1873.9097999999999","1883.0866000000001","1877.5806"
"1922","0.19789999999999999","0.1991","0.1933","0.188","0.18490000000000001","0.18679999999999999","0.19139999999999999","0.1991","0.20030000000000001","0.20319999999999999","0.20949999999999999","0.23680000000000001","0.251","0.2571","0.2571","0.2329","0.24229999999999999","0.2334","0.23050000000000001","0.23899999999999999","0.2235","0.21820000000000001","0.2112","0.20710000000000001","0.2117","0.2114","0.21099999999999999","0.21360000000000001","0.2172","0.22500000000000001","0.22420000000000001","0.2223","0.2175","0.2165","0.21529999999999999","0.21429999999999999","0.21390000000000001","0.21529999999999999","0.21190000000000001","0.21290000000000001","0.21310000000000001","0.2117","0.218","0.22059999999999999","0.22090000000000001","0.22500000000000001","0.2356","0.23319999999999999","0.2266","0.2329","0.2387","0.2409","0.2414","0.2414","0.25829999999999997","0.32319999999999999","0.4572","0.63749999999999996","0.64710000000000001","0.85029999999999994","1.006","1","0.99419999999999997","1.0291999999999999","1.1561999999999999","1.2472000000000001","1.1402000000000001","1.0567","1.0736000000000001","1.0396000000000001","0.93920000000000003","0.91459999999999997","0.86050000000000004","0.81610000000000005","0.82769999999999999","0.89019999999999999","0.97440000000000004","1.0491999999999999","1.0955999999999999","1.2785","1.4794","1.7099","2.8675000000000002","12.742900000000001","25.097799999999999","29.620100000000001","48.002699999999997","50.825200000000002","51.570099999999996","50.877600000000001","55.819499999999998","58.190899999999999","59.323900000000002","60.918900000000001","62.628999999999998","65.745400000000004","67.015000000000001","70.225700000000003","69.931899999999999","71.789000000000001","73.887500000000003","77.655799999999999","83.492900000000006","88.443399999999997","92.285499999999999","94.132800000000003","96.0154","97.239199999999997","99.969099999999997","105.0521","110.3049","116.50279999999999","128.5839","153.58629999999999","179.95439999999999","209.684","247.637","278.46030000000002","322.28429999999997","390.43180000000001","463.4427","539.18629999999996","620.00580000000002","685.59839999999997","744.55349999999999","789.97130000000004","826.45429999999999","867.40480000000002","924.7355","981.14430000000004","1044.0263","1100.5001","1146.7212","1191.8416999999999","1255.6704999999999","1304.6415999999999","1327.2438","1351.1014","1372.4480000000001","1407.6066000000001","1445.2769000000001","1480.4354000000001","1516.8501000000001","1546.9860000000001","1573.3551","1604.7470000000001","1632.3716999999999","1685.1098","1697.6667","1724.0356999999999","1770.5845999999999","1824.0297","1844.7181","1848.1663000000001","1846.4422","1844.5957000000001","1864.9066","1885.2175","1894.4496999999999","1888.9105"
"1923","0.1991","0.20030000000000001","0.19450000000000001","0.18909999999999999","0.186","0.18790000000000001","0.1925","0.20030000000000001","0.20150000000000001","0.2044","0.2107","0.2382","0.2525","0.2586","0.2586","0.23430000000000001","0.2437","0.23480000000000001","0.2319","0.24030000000000001","0.2248","0.2195","0.21240000000000001","0.20830000000000001","0.21290000000000001","0.2127","0.2122","0.21490000000000001","0.2185","0.2263","0.22550000000000001","0.22359999999999999","0.21870000000000001","0.21779999999999999","0.21659999999999999","0.21560000000000001","0.21510000000000001","0.21659999999999999","0.2132","0.21410000000000001","0.21440000000000001","0.21290000000000001","0.21920000000000001","0.22189999999999999","0.22209999999999999","0.2263","0.23699999999999999","0.23449999999999999","0.22800000000000001","0.23430000000000001","0.24010000000000001","0.24229999999999999","0.24279999999999999","0.24279999999999999","0.25979999999999998","0.3251","0.45979999999999999","0.64119999999999999","0.65090000000000003","0.85529999999999995","1.0119","1.0058","1","1.0351999999999999","1.1629","1.2544","1.1469","1.0629","1.0799000000000001","1.0456000000000001","0.9446","0.91990000000000005","0.86550000000000005","0.82079999999999997","0.83250000000000002","0.89539999999999997","0.98009999999999997","1.0553999999999999","1.1020000000000001","1.286","1.488","1.7198","2.8841999999999999","12.8172","25.244","29.7927","48.282400000000003","51.121400000000001","51.870600000000003","51.174100000000003","56.1447","58.53","59.669600000000003","61.273899999999998","62.993899999999996","66.128399999999999","67.4054","70.634900000000002","70.339399999999998","72.207300000000004","74.317999999999998","78.1083","83.979399999999998","88.958699999999993","92.823300000000003","94.681200000000004","96.5749","97.805800000000005","100.55159999999999","105.66419999999999","110.94759999999999","117.1816","129.3331","154.4812","181.00290000000001","210.9058","249.07990000000001","280.08280000000002","324.16219999999998","392.70670000000001","466.14299999999997","542.32799999999997","623.61839999999995","689.59310000000005","748.89170000000001","794.57420000000002","831.26969999999994","872.4588","930.12360000000001","986.86109999999996","1050.1095","1106.9123999999999","1153.4028000000001","1198.7861","1262.9869000000001","1312.2433000000001","1334.9772","1358.9738","1380.4448","1415.8081999999999","1453.6980000000001","1489.0614","1525.6883","1555.9998000000001","1582.5225","1614.0974000000001","1641.883","1694.9284","1707.5583999999999","1734.0811000000001","1780.9012","1834.6577","1855.4666","1858.9349","1857.2008000000001","1855.3434999999999","1875.7728","1896.202","1905.4880000000001","1899.9165"
"1924","0.1923","0.19350000000000001","0.18790000000000001","0.1827","0.17960000000000001","0.18149999999999999","0.186","0.19350000000000001","0.19470000000000001","0.19750000000000001","0.2036","0.2301","0.24390000000000001","0.24979999999999999","0.24979999999999999","0.2263","0.23549999999999999","0.2268","0.224","0.23219999999999999","0.2172","0.21199999999999999","0.20519999999999999","0.20119999999999999","0.20569999999999999","0.2054","0.20499999999999999","0.20760000000000001","0.21110000000000001","0.21859999999999999","0.21790000000000001","0.216","0.21129999999999999","0.2104","0.2092","0.20830000000000001","0.20780000000000001","0.2092","0.2059","0.20680000000000001","0.20710000000000001","0.20569999999999999","0.21179999999999999","0.21440000000000001","0.21460000000000001","0.21859999999999999","0.22889999999999999","0.22650000000000001","0.22020000000000001","0.2263","0.2319","0.2341","0.23449999999999999","0.23449999999999999","0.25090000000000001","0.314","0.44419999999999998","0.61939999999999995","0.62880000000000003","0.82620000000000005","0.97750000000000004","0.97160000000000002","0.96599999999999997","1","1.1234","1.2118","1.1079000000000001","1.0266999999999999","1.0431999999999999","1.0101","0.91249999999999998","0.88859999999999995","0.83609999999999995","0.79290000000000005","0.80420000000000003","0.8649","0.94679999999999997","1.0195000000000001","1.0645","1.2423","1.4374","1.6614","2.7860999999999998","12.3813","24.3856","28.779499999999999","46.640500000000003","49.383000000000003","50.106699999999996","49.433900000000001","54.235500000000002","56.5396","57.640500000000003","59.190199999999997","60.851799999999997","63.8797","65.113299999999995","68.232900000000001","67.947500000000005","69.751900000000006","71.790800000000004","75.452200000000005","81.123599999999996","85.933599999999998","89.666700000000006","91.461500000000001","93.290800000000004","94.479799999999997","97.132300000000001","102.0711","107.1747","113.1968","124.935","149.22800000000001","174.84780000000001","203.7338","240.60980000000001","270.55840000000001","313.1388","379.35250000000002","450.29149999999998","523.88580000000002","602.41179999999997","666.1431","723.42520000000002","767.55420000000004","803.00189999999998","842.7903","898.4941","953.30229999999995","1014.3999","1069.2710999999999","1114.1805999999999","1158.0206000000001","1220.0382","1267.6196","1289.5804000000001","1312.761","1333.5019","1367.6628000000001","1404.2641000000001","1438.425","1473.8063","1503.087","1528.7077999999999","1559.2090000000001","1586.0497","1637.2913000000001","1649.4918","1675.1125999999999","1720.3405","1772.269","1792.3703","1795.7207000000001","1794.0454999999999","1792.2514000000001","1811.9858999999999","1831.7204999999999","1840.6907000000001","1835.3086000000001"
"1925","0.17119999999999999","0.17219999999999999","0.16719999999999999","0.16259999999999999","0.15989999999999999","0.16159999999999999","0.1656","0.17219999999999999","0.17330000000000001","0.17580000000000001","0.1812","0.20480000000000001","0.21709999999999999","0.2223","0.2223","0.20150000000000001","0.20960000000000001","0.2019","0.19939999999999999","0.20669999999999999","0.1933","0.18870000000000001","0.1827","0.17910000000000001","0.18310000000000001","0.18290000000000001","0.1825","0.18479999999999999","0.18790000000000001","0.1946","0.19389999999999999","0.1923","0.18809999999999999","0.18729999999999999","0.1862","0.18540000000000001","0.185","0.1862","0.18329999999999999","0.18410000000000001","0.18429999999999999","0.18310000000000001","0.1885","0.1908","0.191","0.1946","0.20380000000000001","0.20169999999999999","0.19600000000000001","0.20150000000000001","0.20649999999999999","0.2084","0.20880000000000001","0.20880000000000001","0.22339999999999999","0.27950000000000003","0.39539999999999997","0.5514","0.55969999999999998","0.73550000000000004","0.87009999999999998","0.8649","0.8599","0.89019999999999999","1","1.0787","0.98619999999999997","0.91400000000000003","0.92859999999999998","0.8992","0.81230000000000002","0.79100000000000004","0.74429999999999996","0.70579999999999998","0.71589999999999998","0.76990000000000003","0.84279999999999999","0.90749999999999997","0.9476","1.1057999999999999","1.2795000000000001","1.4789000000000001","2.4802","11.021699999999999","21.707699999999999","25.619199999999999","41.518799999999999","43.960099999999997","44.604399999999998","44.005400000000002","48.279699999999998","50.3309","51.310899999999997","52.690399999999997","54.169499999999999","56.864899999999999","57.963000000000001","60.740099999999998","60.485999999999997","62.092300000000002","63.907299999999999","67.166600000000003","72.215199999999996","76.497100000000003","79.820300000000003","81.418000000000006","83.046300000000002","84.104799999999997","86.465999999999994","90.862399999999994","95.405600000000007","100.7664","111.2157","132.8409","155.6474","181.3614","214.18790000000001","240.84780000000001","278.75240000000002","337.69499999999999","400.84410000000003","466.35680000000002","536.25969999999995","592.99249999999995","643.98429999999996","683.26739999999995","714.82249999999999","750.24180000000001","799.82860000000005","848.6182","903.00649999999996","951.85220000000004","991.83010000000002","1030.8559","1086.0633","1128.4195999999999","1147.9689000000001","1168.604","1187.0672","1217.4767999999999","1250.0589","1280.4684999999999","1311.9645","1338.0299","1360.8371999999999","1387.9889000000001","1411.8823","1457.4969000000001","1468.3576","1491.1649","1531.4263000000001","1577.6523999999999","1595.5463","1598.5288","1597.0376000000001","1595.4404999999999","1613.0079000000001","1630.5753999999999","1638.5605","1633.7695000000001"
"1926","0.15870000000000001","0.15970000000000001","0.155","0.15079999999999999","0.1482","0.14979999999999999","0.1535","0.15970000000000001","0.16059999999999999","0.16300000000000001","0.16800000000000001","0.18990000000000001","0.20130000000000001","0.20610000000000001","0.20610000000000001","0.18679999999999999","0.1943","0.18709999999999999","0.18479999999999999","0.19159999999999999","0.1792","0.17499999999999999","0.16930000000000001","0.1661","0.16969999999999999","0.16950000000000001","0.16919999999999999","0.17130000000000001","0.17419999999999999","0.1804","0.17979999999999999","0.1782","0.1744","0.1736","0.1726","0.1719","0.17150000000000001","0.1726","0.1699","0.17069999999999999","0.1709","0.16969999999999999","0.17480000000000001","0.1769","0.17710000000000001","0.1804","0.18890000000000001","0.187","0.1817","0.18679999999999999","0.19139999999999999","0.19309999999999999","0.19350000000000001","0.19350000000000001","0.20710000000000001","0.2591","0.36659999999999998","0.5111","0.51890000000000003","0.68179999999999996","0.80669999999999997","0.80179999999999996","0.79720000000000002","0.82520000000000004","0.92700000000000005","1","0.9143","0.84730000000000005","0.86080000000000001","0.83360000000000001","0.753","0.73329999999999995","0.69","0.65429999999999999","0.66359999999999997","0.71379999999999999","0.78129999999999999","0.84130000000000005","0.87849999999999995","1.0251999999999999","1.1861999999999999","1.371","2.2991999999999999","10.217499999999999","20.123899999999999","23.75","38.4895","40.752699999999997","41.349899999999998","40.794699999999999","44.757100000000001","46.6586","47.567100000000003","48.8459","50.217100000000002","52.715899999999998","53.733899999999998","56.308300000000003","56.072800000000001","57.561799999999998","59.244399999999999","62.265900000000002","66.946200000000005","70.915599999999998","73.996300000000005","75.477500000000006","76.986999999999995","77.968299999999999","80.157200000000003","84.232799999999997","88.444599999999994","93.414199999999994","103.101","123.1484","144.29089999999999","168.12870000000001","198.56010000000001","223.2748","258.41379999999998","313.0557","371.59730000000002","432.33","497.13260000000002","549.726","596.9973","633.41420000000005","662.66690000000006","695.5018","741.47069999999997","786.70039999999995","837.12040000000002","882.40219999999999","919.46310000000005","955.64160000000004","1006.8208","1046.0867000000001","1064.2095999999999","1083.3390999999999","1100.4552000000001","1128.646","1158.8507999999999","1187.0416","1216.2396000000001","1240.4031","1261.5463999999999","1286.7171000000001","1308.867","1351.1534999999999","1361.2218","1382.365","1419.6887999999999","1462.5420999999999","1479.1304","1481.8952999999999","1480.5128999999999","1479.0323000000001","1495.318","1511.6035999999999","1519.0062","1514.5646999999999"
"1927","0.1736","0.17460000000000001","0.1696","0.16489999999999999","0.16220000000000001","0.1638","0.16789999999999999","0.17460000000000001","0.1757","0.1782","0.1837","0.2077","0.22020000000000001","0.22539999999999999","0.22539999999999999","0.20430000000000001","0.21249999999999999","0.20469999999999999","0.20219999999999999","0.20960000000000001","0.19600000000000001","0.19139999999999999","0.1852","0.18160000000000001","0.18559999999999999","0.18540000000000001","0.185","0.18729999999999999","0.1905","0.1973","0.19670000000000001","0.19500000000000001","0.19070000000000001","0.18990000000000001","0.1888","0.188","0.18759999999999999","0.1888","0.18590000000000001","0.1867","0.18690000000000001","0.18559999999999999","0.19120000000000001","0.19350000000000001","0.19370000000000001","0.1973","0.20660000000000001","0.20449999999999999","0.1988","0.20430000000000001","0.2094","0.21129999999999999","0.2117","0.2117","0.22650000000000001","0.28339999999999999","0.40089999999999998","0.55910000000000004","0.5675","0.74580000000000002","0.88229999999999997","0.877","0.87190000000000001","0.90259999999999996","1.014","1.0938000000000001","1","0.92679999999999996","0.94159999999999999","0.91169999999999995","0.82369999999999999","0.80210000000000004","0.75470000000000004","0.7157","0.72589999999999999","0.78069999999999995","0.85460000000000003","0.92020000000000002","0.96079999999999999","1.1213","1.2974000000000001","1.4996","2.5148000000000001","11.175700000000001","22.010999999999999","25.9771","42.0989","44.574300000000001","45.227600000000002","44.620199999999997","48.954300000000003","51.034100000000002","52.027700000000003","53.426499999999997","54.926299999999998","57.659399999999998","58.7729","61.588700000000003","61.331099999999999","62.959800000000001","64.800200000000004","68.105000000000004","73.224199999999996","77.565799999999996","80.935400000000001","82.555499999999995","84.206599999999995","85.279799999999994","87.674000000000007","92.131900000000002","96.738600000000005","102.1742","112.76949999999999","134.6969","157.822","183.89519999999999","217.18039999999999","244.21270000000001","282.64690000000002","342.41300000000001","406.4443","472.87240000000003","543.75189999999998","601.27729999999997","652.98159999999996","692.81349999999998","724.80949999999996","760.72349999999994","811.00319999999999","860.47439999999995","915.62260000000003","965.15070000000003","1005.6871","1045.2583","1101.2369000000001","1144.1849999999999","1164.0074","1184.9308000000001","1203.652","1234.4865","1267.5237","1298.3581999999999","1330.2942","1356.7238","1379.8497","1407.3807999999999","1431.6079999999999","1477.8598999999999","1488.8724","1511.9983","1552.8222000000001","1599.6940999999999","1617.8380999999999","1620.8622","1619.3501000000001","1617.7307000000001","1635.5436","1653.3565000000001","1661.4531999999999","1656.5953"
"1928","0.18729999999999999","0.18840000000000001","0.183","0.1779","0.17499999999999999","0.17680000000000001","0.18110000000000001","0.18840000000000001","0.18959999999999999","0.1923","0.1983","0.22409999999999999","0.23760000000000001","0.24329999999999999","0.24329999999999999","0.22040000000000001","0.2293","0.22090000000000001","0.21809999999999999","0.2261","0.21149999999999999","0.20649999999999999","0.19989999999999999","0.19600000000000001","0.20030000000000001","0.2001","0.1996","0.2021","0.2056","0.21290000000000001","0.2122","0.2104","0.20580000000000001","0.2049","0.20369999999999999","0.20280000000000001","0.2024","0.20369999999999999","0.20050000000000001","0.20150000000000001","0.20169999999999999","0.20030000000000001","0.20630000000000001","0.20880000000000001","0.20899999999999999","0.21290000000000001","0.22289999999999999","0.22059999999999999","0.2145","0.22040000000000001","0.22589999999999999","0.22800000000000001","0.22839999999999999","0.22839999999999999","0.24440000000000001","0.30580000000000002","0.43259999999999998","0.60319999999999996","0.61240000000000006","0.80469999999999997","0.95199999999999996","0.94630000000000003","0.94079999999999997","0.97399999999999998","1.0941000000000001","1.1801999999999999","1.079","1","1.016","0.98380000000000001","0.88880000000000003","0.86550000000000005","0.81430000000000002","0.77229999999999999","0.78320000000000001","0.84240000000000004","0.92210000000000003","0.9929","1.0367999999999999","1.2099","1.4","1.6181000000000001","2.7136","12.0589","23.750599999999999","28.030200000000001","45.426000000000002","48.097099999999998","48.802","48.146599999999999","52.8232","55.067399999999999","56.139600000000002","57.648899999999998","59.267200000000003","62.216299999999997","63.4178","66.456100000000006","66.178200000000004","67.935599999999994","69.921400000000006","73.487399999999994","79.011200000000002","83.695999999999998","87.331900000000005","89.079899999999995","90.861599999999996","92.019599999999997","94.602999999999994","99.413200000000003","104.384","110.2492","121.6818","145.34219999999999","170.29490000000001","198.42869999999999","234.34440000000001","263.51319999999998","304.98489999999998","369.4744","438.56619999999998","510.24419999999998","586.72540000000004","648.79719999999998","704.58770000000004","747.56759999999997","782.09230000000002","820.84469999999999","875.09799999999996","928.47900000000004","987.98559999999998","1041.4280000000001","1085.1681000000001","1127.8666000000001","1188.2692999999999","1234.6116999999999","1256.0007000000001","1278.5777","1298.7783999999999","1332.0498","1367.6980000000001","1400.9694","1435.4294","1463.9476999999999","1488.9013","1518.6083000000001","1544.7501","1594.6574000000001","1606.5401999999999","1631.4938","1675.5441000000001","1726.1204","1745.6983","1748.9613999999999","1747.3298","1745.5825","1764.8031000000001","1784.0237999999999","1792.7603999999999","1787.5184999999999"
"1929","0.18440000000000001","0.1855","0.18010000000000001","0.17510000000000001","0.17219999999999999","0.17399999999999999","0.17829999999999999","0.1855","0.18659999999999999","0.1893","0.1951","0.2205","0.23380000000000001","0.2394","0.2394","0.217","0.22570000000000001","0.21740000000000001","0.2147","0.22259999999999999","0.2082","0.20319999999999999","0.19670000000000001","0.19289999999999999","0.19719999999999999","0.19689999999999999","0.19650000000000001","0.19900000000000001","0.20230000000000001","0.20949999999999999","0.2089","0.20710000000000001","0.2026","0.20169999999999999","0.20050000000000001","0.1996","0.19919999999999999","0.20050000000000001","0.19739999999999999","0.1983","0.19850000000000001","0.19719999999999999","0.20300000000000001","0.20549999999999999","0.20569999999999999","0.20949999999999999","0.21940000000000001","0.2172","0.21110000000000001","0.217","0.2223","0.22439999999999999","0.2248","0.2248","0.24060000000000001","0.30099999999999999","0.42580000000000001","0.59379999999999999","0.60270000000000001","0.79200000000000004","0.93710000000000004","0.93140000000000001","0.92600000000000005","0.95860000000000001","1.0769","1.1616","1.0621","0.98429999999999995","1","0.96830000000000005","0.87480000000000002","0.8518","0.80149999999999999","0.7601","0.77090000000000003","0.82909999999999995","0.90759999999999996","0.97729999999999995","1.0205","1.1909000000000001","1.3778999999999999","1.5926","2.6709000000000001","11.869199999999999","23.376799999999999","27.588999999999999","44.711100000000002","47.340200000000003","48.033900000000003","47.3889","51.991900000000001","54.200800000000001","55.256100000000004","56.741700000000002","58.334499999999998","61.237200000000001","62.419699999999999","65.410300000000007","65.136700000000005","66.866500000000002","68.820999999999998","72.3309","77.767799999999994","82.378799999999998","85.957499999999996","87.678100000000001","89.431700000000006","90.5715","93.114199999999997","97.848699999999994","102.74120000000001","108.5142","119.76690000000001","143.0549","167.61490000000001","195.30600000000001","230.65649999999999","259.36619999999999","300.18529999999998","363.65980000000002","431.66430000000003","502.21429999999998","577.49189999999999","638.58680000000004","693.49929999999995","735.80280000000005","769.78420000000006","807.92669999999998","861.32619999999997","913.86710000000005","972.43730000000005","1025.0387000000001","1068.0904","1110.1169","1169.569","1215.1821","1236.2345","1258.4562000000001","1278.3389999999999","1311.0868","1346.174","1378.9218000000001","1412.8395","1440.9088999999999","1465.4699000000001","1494.7093","1520.4396999999999","1569.5616","1581.2574","1605.8182999999999","1649.1754000000001","1698.9557","1718.2255","1721.4373000000001","1719.8314","1718.1115","1737.0297","1755.9477999999999","1764.547","1759.3876"
"1930","0.19040000000000001","0.1915","0.186","0.18090000000000001","0.1779","0.1797","0.18410000000000001","0.1915","0.19270000000000001","0.19550000000000001","0.20150000000000001","0.2278","0.24149999999999999","0.24729999999999999","0.24729999999999999","0.22409999999999999","0.2331","0.22450000000000001","0.22170000000000001","0.22989999999999999","0.215","0.2099","0.20319999999999999","0.19919999999999999","0.2036","0.2034","0.2029","0.20549999999999999","0.20899999999999999","0.21640000000000001","0.2157","0.21379999999999999","0.2092","0.20830000000000001","0.20710000000000001","0.20619999999999999","0.20569999999999999","0.20710000000000001","0.2039","0.20480000000000001","0.20499999999999999","0.2036","0.2097","0.2122","0.21240000000000001","0.21640000000000001","0.2266","0.2243","0.218","0.22409999999999999","0.2296","0.23169999999999999","0.23219999999999999","0.23219999999999999","0.24840000000000001","0.31090000000000001","0.43969999999999998","0.61319999999999997","0.62250000000000005","0.81799999999999995","0.9677","0.96189999999999998","0.95640000000000003","0.99","1.1121000000000001","1.1997","1.0968","1.0165","1.0327","1","0.90339999999999998","0.87970000000000004","0.82769999999999999","0.78500000000000003","0.79610000000000003","0.85629999999999995","0.93730000000000002","1.0093000000000001","1.0539000000000001","1.2299","1.423","1.6448","2.7583000000000002","12.2577","24.142099999999999","28.4922","46.174799999999998","48.889899999999997","49.606499999999997","48.940300000000001","53.694000000000003","55.975200000000001","57.064999999999998","58.599299999999999","60.244300000000003","63.241900000000001","64.463200000000001","67.551699999999997","67.269099999999995","69.055499999999995","71.074100000000001","74.698899999999995","80.313699999999997","85.075699999999998","88.771500000000003","90.548400000000001","92.359399999999994","93.536600000000007","96.162499999999994","101.05200000000001","106.10469999999999","112.06659999999999","123.68770000000001","147.7381","173.10220000000001","201.69980000000001","238.20760000000001","267.85719999999998","310.01249999999999","375.56509999999997","445.79590000000002","518.65539999999999","596.39750000000004","659.49249999999995","716.20270000000005","759.89110000000005","794.98490000000004","834.37609999999995","889.52380000000005","943.78480000000002","1004.2723","1058.5958000000001","1103.0569","1146.4593","1207.8577","1254.9639999999999","1276.7056","1299.6547","1320.1885","1354.0083999999999","1390.2443000000001","1424.0641000000001","1459.0922","1488.0806","1513.4456","1543.6422","1570.2149999999999","1620.9449999999999","1633.0237","1658.3887","1703.1650999999999","1754.5751","1774.4757","1777.7927","1776.1342","1774.3579999999999","1793.8955000000001","1813.433","1822.3136999999999","1816.9854"
"1931","0.2107","0.21199999999999999","0.2059","0.20019999999999999","0.19689999999999999","0.19889999999999999","0.20380000000000001","0.21199999999999999","0.21329999999999999","0.21640000000000001","0.22309999999999999","0.25209999999999999","0.26729999999999998","0.2737","0.2737","0.248","0.25800000000000001","0.2485","0.24540000000000001","0.25440000000000002","0.23799999999999999","0.23230000000000001","0.22489999999999999","0.2205","0.22539999999999999","0.22509999999999999","0.22459999999999999","0.22739999999999999","0.23130000000000001","0.23949999999999999","0.23880000000000001","0.23669999999999999","0.2316","0.23050000000000001","0.22919999999999999","0.22819999999999999","0.22770000000000001","0.22919999999999999","0.22559999999999999","0.22670000000000001","0.22689999999999999","0.22539999999999999","0.2321","0.2349","0.23519999999999999","0.23949999999999999","0.25080000000000002","0.24829999999999999","0.24129999999999999","0.248","0.25419999999999998","0.25650000000000001","0.25700000000000001","0.25700000000000001","0.27500000000000002","0.34410000000000002","0.48680000000000001","0.67869999999999997","0.68899999999999995","0.90539999999999998","1.0711999999999999","1.0648","1.0586","1.0959000000000001","1.2310000000000001","1.3279000000000001","1.2141","1.1252","1.1432","1.1069","1","0.9738","0.91620000000000001","0.86890000000000001","0.88129999999999997","0.94779999999999998","1.0375000000000001","1.1172","1.1665000000000001","1.3613","1.5751999999999999","1.8206","3.0531999999999999","13.568199999999999","26.723199999999999","31.538399999999999","51.111499999999999","54.116900000000001","54.91","54.172699999999999","59.434600000000003","61.959699999999998","63.165999999999997","64.8643","66.685199999999995","70.003299999999996","71.355199999999996","74.773799999999994","74.461100000000002","76.438400000000001","78.672799999999995","82.685199999999995","88.900300000000001","94.171400000000006","98.2624","100.22920000000001","102.23390000000001","103.5369","106.4436","111.8558","117.4487","124.04810000000001","136.91159999999999","163.5333","191.60910000000001","223.26419999999999","263.67509999999999","296.49470000000002","343.15699999999998","415.71809999999999","493.45749999999998","574.10670000000005","660.16039999999998","730.00099999999998","792.77440000000001","841.1336","879.97940000000006","923.58209999999997","984.62580000000003","1044.6880000000001","1111.6424999999999","1171.7737999999999","1220.9884","1269.0310999999999","1336.9938","1389.1365000000001","1413.2025000000001","1438.6052","1461.3344","1498.77","1538.88","1576.3155999999999","1615.0887","1647.1763000000001","1675.2530999999999","1708.6782000000001","1738.0920000000001","1794.2456999999999","1807.6158","1835.6926000000001","1885.2562","1942.1627000000001","1964.191","1967.8625","1966.0266999999999","1964.0607","1985.6869999999999","2007.3133","2017.1433999999999","2011.2454"
"1932","0.21640000000000001","0.2177","0.2114","0.2056","0.20219999999999999","0.20430000000000001","0.20930000000000001","0.2177","0.21909999999999999","0.22220000000000001","0.2291","0.25890000000000002","0.27450000000000002","0.28110000000000002","0.28110000000000002","0.25469999999999998","0.26500000000000001","0.25519999999999998","0.252","0.26129999999999998","0.24440000000000001","0.23860000000000001","0.23089999999999999","0.22639999999999999","0.23150000000000001","0.23119999999999999","0.23069999999999999","0.2336","0.23749999999999999","0.246","0.2452","0.24310000000000001","0.23780000000000001","0.23669999999999999","0.2354","0.2344","0.23380000000000001","0.2354","0.23169999999999999","0.23280000000000001","0.23300000000000001","0.23150000000000001","0.23830000000000001","0.2412","0.24149999999999999","0.246","0.2576","0.25490000000000002","0.24779999999999999","0.25469999999999998","0.26100000000000001","0.26340000000000002","0.26390000000000002","0.26390000000000002","0.28239999999999998","0.35339999999999999","0.49990000000000001","0.69699999999999995","0.70760000000000001","0.92979999999999996","1.1000000000000001","1.0933999999999999","1.0871","1.1254","1.2642","1.3636999999999999","1.2467999999999999","1.1554","1.1738999999999999","1.1367","1.0268999999999999","1","0.94089999999999996","0.89229999999999998","0.90500000000000003","0.97330000000000005","1.0654999999999999","1.1473","1.1979","1.3979999999999999","1.6175999999999999","1.8695999999999999","3.1354000000000002","13.9335","27.442599999999999","32.3874","52.487499999999997","55.573799999999999","56.388199999999998","55.631","61.034599999999998","63.627600000000001","64.866500000000002","66.610500000000002","68.4803","71.887799999999999","73.2761","76.786799999999999","76.465599999999995","78.496200000000002","80.790700000000001","84.911100000000005","91.293499999999995","96.706500000000005","100.9076","102.92740000000001","104.986","106.3241","109.3091","114.867","120.6105","127.3874","140.59729999999999","167.93559999999999","196.7672","229.27449999999999","270.77330000000001","304.47640000000001","352.39479999999998","426.9092","506.7414","589.5616","677.93190000000004","749.65269999999998","814.11590000000001","863.77700000000004","903.66849999999999","948.44500000000005","1011.1319999999999","1072.8109999999999","1141.568","1203.318","1253.8575000000001","1303.1935000000001","1372.9857","1426.5320999999999","1451.2460000000001","1477.3325","1500.6735000000001","1539.1169","1580.3067000000001","1618.7501","1658.5669","1691.5183","1720.3510000000001","1754.6759","1784.8815","1842.5468000000001","1856.2769000000001","1885.1095","1936.0074","1994.4458","2017.067","2020.8373999999999","2018.9521999999999","2016.9331999999999","2039.1416999999999","2061.3501999999999","2071.4450000000002","2065.3881999999999"
"1933","0.23","0.23139999999999999","0.22470000000000001","0.2185","0.21490000000000001","0.21709999999999999","0.22239999999999999","0.23139999999999999","0.23280000000000001","0.23619999999999999","0.24349999999999999","0.2752","0.29170000000000001","0.29870000000000002","0.29870000000000002","0.2707","0.28160000000000002","0.2712","0.26790000000000003","0.2777","0.25969999999999999","0.25359999999999999","0.24540000000000001","0.2407","0.246","0.2457","0.2452","0.2482","0.2525","0.26140000000000002","0.2606","0.25829999999999997","0.25269999999999998","0.25159999999999999","0.25019999999999998","0.24909999999999999","0.2485","0.25019999999999998","0.24629999999999999","0.24740000000000001","0.2477","0.246","0.25330000000000003","0.25640000000000002","0.25669999999999998","0.26140000000000002","0.27379999999999999","0.27100000000000002","0.26340000000000002","0.2707","0.27739999999999998","0.27989999999999998","0.28050000000000003","0.28050000000000003","0.30009999999999998","0.37559999999999999","0.53129999999999999","0.74080000000000001","0.752","0.98819999999999997","1.1691","1.1620999999999999","1.1554","1.1960999999999999","1.3435999999999999","1.4494","1.3250999999999999","1.2281","1.2477","1.2081","1.0913999999999999","1.0628","1","0.94840000000000002","0.96189999999999998","1.0345","1.1324000000000001","1.2194","1.2732000000000001","1.4858","1.7192000000000001","1.9871000000000001","3.3323999999999998","14.808999999999999","29.166899999999998","34.422400000000003","55.785400000000003","59.065600000000003","59.9313","59.1265","64.869600000000005","67.625500000000002","68.9422","70.7958","72.783199999999994","76.404799999999994","77.880200000000002","81.611500000000007","81.270099999999999","83.428299999999993","85.867000000000004","90.246300000000005","97.029700000000005","102.7829","107.248","109.3947","111.5826","113.0048","116.1773","122.0844","128.18879999999999","135.39160000000001","149.4314","178.48750000000001","209.13069999999999","243.68049999999999","287.78680000000003","323.60759999999999","374.5369","453.73320000000001","538.58150000000001","626.60559999999998","720.52850000000001","796.75570000000005","865.26930000000004","918.05079999999998","960.44880000000001","1008.0386999999999","1074.6645000000001","1140.2191","1213.2962","1278.9262000000001","1332.6412","1385.0771","1459.2547","1516.1655000000001","1542.4322999999999","1570.1578999999999","1594.9655","1635.8244","1679.6022","1720.4612","1762.7798","1797.8017","1828.4459999999999","1864.9276","1897.0310999999999","1958.3198","1972.9124999999999","2003.5568000000001","2057.6527000000001","2119.7629999999999","2143.8056000000001","2147.8128999999999","2145.8092999999999","2143.6633999999999","2167.2673","2190.8712","2201.6003000000001","2195.163"
"1934","0.24249999999999999","0.24399999999999999","0.2369","0.23039999999999999","0.2266","0.22889999999999999","0.23449999999999999","0.24399999999999999","0.2455","0.249","0.25669999999999998","0.29020000000000001","0.30759999999999998","0.315","0.315","0.28539999999999999","0.29699999999999999","0.28599999999999998","0.28249999999999997","0.2928","0.27389999999999998","0.26740000000000003","0.25879999999999997","0.25380000000000003","0.25940000000000002","0.2591","0.25850000000000001","0.26179999999999998","0.26619999999999999","0.2757","0.27479999999999999","0.27239999999999998","0.26650000000000001","0.26529999999999998","0.26379999999999998","0.2626","0.2621","0.26379999999999998","0.25969999999999999","0.26090000000000002","0.26119999999999999","0.25940000000000002","0.2671","0.27029999999999998","0.27060000000000001","0.2757","0.28870000000000001","0.28570000000000001","0.2777","0.28539999999999999","0.29249999999999998","0.29520000000000002","0.29580000000000001","0.29580000000000001","0.3165","0.39600000000000002","0.56020000000000003","0.78110000000000002","0.79300000000000004","1.042","1.2327999999999999","1.2254","1.2182999999999999","1.2612000000000001","1.4167000000000001","1.5282","1.3972","1.2948999999999999","1.3156000000000001","1.2739","1.1508","1.1207","1.0544","1","1.0142","1.0908","1.194","1.2857000000000001","1.3425","1.5667","1.8128","2.0952000000000002","3.5137999999999998","15.6149","30.754200000000001","36.2958","58.821399999999997","62.280099999999997","63.192799999999998","62.344299999999997","68.399900000000002","71.305800000000005","72.694199999999995","74.648600000000002","76.744200000000006","80.562899999999999","82.118600000000001","86.052899999999994","85.692999999999998","87.968599999999995","90.540099999999995","95.157600000000002","102.3103","108.37649999999999","113.08459999999999","115.3481","117.6551","119.15470000000001","122.4999","128.7285","135.16499999999999","142.75980000000001","157.56370000000001","188.2011","220.512","256.94200000000001","303.44869999999997","341.21890000000002","394.91980000000001","478.42619999999999","567.89200000000005","660.70659999999998","759.74090000000001","840.11649999999997","912.35879999999997","968.0127","1012.7181","1062.8979999999999","1133.1496999999999","1202.2718","1279.3259","1348.5277000000001","1405.1659","1460.4555","1538.6699000000001","1598.6778999999999","1626.3741","1655.6087","1681.7663","1724.8489","1771.0092","1814.0916999999999","1858.7134000000001","1895.6412","1927.9532999999999","1966.4203","2000.2709","2064.895","2080.2819","2112.5938999999998","2169.6338000000001","2235.1242000000002","2260.4753000000001","2264.7006999999999","2262.5880000000002","2260.3253","2285.2138","2310.1023","2321.4153000000001","2314.6275999999998"
"1935","0.23910000000000001","0.24060000000000001","0.2336","0.22720000000000001","0.22339999999999999","0.22570000000000001","0.23130000000000001","0.24060000000000001","0.24210000000000001","0.24560000000000001","0.25309999999999999","0.28610000000000002","0.30330000000000001","0.31059999999999999","0.31059999999999999","0.28139999999999998","0.2928","0.28199999999999997","0.27850000000000003","0.28870000000000001","0.27","0.2636","0.25519999999999998","0.25019999999999998","0.25580000000000003","0.2555","0.25490000000000002","0.2581","0.26250000000000001","0.27179999999999999","0.27089999999999997","0.26860000000000001","0.26279999999999998","0.2616","0.2601","0.25900000000000001","0.25840000000000002","0.2601","0.25609999999999999","0.25719999999999998","0.25750000000000001","0.25580000000000003","0.26329999999999998","0.2666","0.26679999999999998","0.27179999999999999","0.28460000000000002","0.28170000000000001","0.27379999999999999","0.28139999999999998","0.28839999999999999","0.29099999999999998","0.29160000000000003","0.29160000000000003","0.312","0.39050000000000001","0.55230000000000001","0.7702","0.78190000000000004","1.0274000000000001","1.2155","1.2081999999999999","1.2012","1.2435","1.3969","1.5068999999999999","1.3776999999999999","1.2767999999999999","1.2971999999999999","1.2561","1.1347","1.105","1.0397000000000001","0.98599999999999999","1","1.0754999999999999","1.1773","1.2677","1.3237000000000001","1.5448","1.7874000000000001","2.0659000000000001","3.4645999999999999","15.3963","30.323699999999999","35.787700000000001","57.997999999999998","61.408299999999997","62.308300000000003","61.471600000000002","67.442400000000006","70.307699999999997","71.676599999999993","73.603700000000003","75.669899999999998","79.435100000000006","80.969099999999997","84.848399999999998","84.493399999999994","86.737200000000001","89.2727","93.825599999999994","100.8781","106.85939999999999","111.5016","113.7334","116.0082","117.4867","120.7851","126.9265","133.273","140.76140000000001","155.35810000000001","185.56659999999999","217.42519999999999","253.34530000000001","299.20089999999999","336.44240000000002","389.39170000000001","471.72910000000002","559.9425","651.4579","749.10590000000002","828.35640000000001","899.58730000000003","954.46220000000005","998.54179999999997","1048.0192","1117.2874999999999","1185.4421","1261.4176","1329.6505999999999","1385.4961000000001","1440.0117","1517.1312","1576.2991999999999","1603.6078","1632.4331","1658.2246","1700.704","1746.2181","1788.6976","1832.6947","1869.1056000000001","1900.9653000000001","1938.8938000000001","1972.2706000000001","2035.9901","2051.1615999999999","2083.0212999999999","2139.2628","2203.8364000000001","2228.8326000000002","2232.9987999999998","2230.9157","2228.6846999999998","2253.2248","2277.7649000000001","2288.9195","2282.2269000000001"
"1936","0.2223","0.22370000000000001","0.2172","0.2112","0.2077","0.2099","0.215","0.22370000000000001","0.22509999999999999","0.2283","0.2354","0.26600000000000001","0.28199999999999997","0.2888","0.2888","0.26169999999999999","0.2722","0.26219999999999999","0.25890000000000002","0.26840000000000003","0.25109999999999999","0.24510000000000001","0.23730000000000001","0.2326","0.23780000000000001","0.23749999999999999","0.23699999999999999","0.24","0.24399999999999999","0.25269999999999998","0.25190000000000001","0.24970000000000001","0.24429999999999999","0.2432","0.2419","0.24079999999999999","0.2402","0.2419","0.23810000000000001","0.2392","0.2394","0.23780000000000001","0.24479999999999999","0.24779999999999999","0.24809999999999999","0.25269999999999998","0.2646","0.26190000000000002","0.25459999999999999","0.26169999999999999","0.26819999999999999","0.27060000000000001","0.27110000000000001","0.27110000000000001","0.29010000000000002","0.36309999999999998","0.51359999999999995","0.71609999999999996","0.72699999999999998","0.95530000000000004","1.1302000000000001","1.1234","1.1169","1.1561999999999999","1.2988","1.401","1.2808999999999999","1.1871","1.2060999999999999","1.1677999999999999","1.0549999999999999","1.0274000000000001","0.96660000000000001","0.91679999999999995","0.92979999999999996","1","1.0946","1.1787000000000001","1.2306999999999999","1.4362999999999999","1.6618999999999999","1.9208000000000001","3.2212999999999998","14.315099999999999","28.194099999999999","33.2744","53.924900000000001","57.095700000000001","57.932499999999997","57.154600000000002","62.706099999999999","65.370099999999994","66.642899999999997","68.434700000000007","70.355699999999999","73.8566","75.282799999999995","78.889600000000002","78.559700000000007","80.645899999999997","83.003299999999996","87.236400000000003","93.793700000000001","99.354900000000001","103.6711","105.7462","107.8612","109.2359","112.3026","118.0127","123.9135","130.87610000000001","144.4477","172.53469999999999","202.1559","235.55340000000001","278.18869999999998","312.81479999999999","362.04559999999998","438.60059999999999","520.61900000000003","605.70740000000001","696.49779999999998","770.18280000000004","836.41129999999998","887.4325","928.41650000000004","974.41920000000005","1038.8228999999999","1102.1912","1172.8311000000001","1236.2722000000001","1288.1958","1338.8829000000001","1410.5864999999999","1465.5992000000001","1490.99","1517.7909","1541.7710999999999","1581.2674","1623.5851","1663.0813000000001","1703.9885999999999","1737.8425","1767.4648","1802.7297000000001","1833.7625","1893.0070000000001","1907.1131","1936.7354","1989.0271","2049.0659000000001","2072.3067000000001","2076.1803","2074.2435","2072.1691999999998","2094.9859000000001","2117.8026","2128.1738","2121.9512"
"1937","0.2031","0.2044","0.19839999999999999","0.193","0.18970000000000001","0.19170000000000001","0.19639999999999999","0.2044","0.2056","0.20860000000000001","0.215","0.24299999999999999","0.2576","0.26379999999999998","0.26379999999999998","0.23899999999999999","0.2487","0.23949999999999999","0.2366","0.2452","0.22939999999999999","0.22389999999999999","0.2167","0.21249999999999999","0.2172","0.217","0.2165","0.21920000000000001","0.22289999999999999","0.23089999999999999","0.2301","0.2281","0.22320000000000001","0.22220000000000001","0.221","0.22","0.2195","0.221","0.2175","0.2185","0.21870000000000001","0.2172","0.22370000000000001","0.22639999999999999","0.22670000000000001","0.23089999999999999","0.24179999999999999","0.23930000000000001","0.2326","0.23899999999999999","0.245","0.2472","0.2477","0.2477","0.26500000000000001","0.33169999999999999","0.46920000000000001","0.6542","0.66410000000000002","0.87270000000000003","1.0324","1.0263","1.0203","1.0562","1.1865000000000001","1.2799","1.1701999999999999","1.0845","1.1017999999999999","1.0669","0.96379999999999999","0.93859999999999999","0.8831","0.83750000000000002","0.84940000000000004","0.91349999999999998","1","1.0768","1.1243000000000001","1.3121","1.5182","1.7547999999999999","2.9428000000000001","13.077500000000001","25.756799999999998","30.3978","49.263100000000001","52.159799999999997","52.924199999999999","52.213500000000003","57.2851","59.718899999999998","60.881599999999999","62.518500000000003","64.273499999999999","67.471599999999995","68.774600000000007","72.069599999999994","71.768100000000004","73.674000000000007","75.827600000000004","79.694800000000001","85.685199999999995","90.765699999999995","94.708699999999993","96.604399999999998","98.536500000000004","99.792400000000001","102.59399999999999","107.8105","113.2011","119.56180000000001","131.96010000000001","157.619","184.67949999999999","215.18969999999999","254.13919999999999","285.77190000000002","330.7466","400.68340000000001","475.61130000000003","553.34379999999999","636.28539999999998","703.60019999999997","764.10329999999999","810.71360000000004","848.15459999999996","890.18029999999999","949.0163","1006.9064","1071.4394","1129.3960999999999","1176.8308","1223.136","1288.6407999999999","1338.8977","1362.0934","1386.5773999999999","1408.4845","1444.5663","1483.2257","1519.3073999999999","1556.6782000000001","1587.6053999999999","1614.6668","1646.8831","1675.2330999999999","1729.356","1742.2425000000001","1769.3039000000001","1817.0751","1871.9235000000001","1893.1550999999999","1896.6938","1894.9244000000001","1893.0295000000001","1913.8737000000001","1934.7179000000001","1944.1925000000001","1938.5078000000001"
"1938","0.18859999999999999","0.1898","0.18429999999999999","0.1792","0.1762","0.17810000000000001","0.18240000000000001","0.1898","0.19089999999999999","0.19370000000000001","0.19969999999999999","0.22570000000000001","0.2392","0.245","0.245","0.222","0.23100000000000001","0.2225","0.21970000000000001","0.22770000000000001","0.21299999999999999","0.20799999999999999","0.20130000000000001","0.19739999999999999","0.20169999999999999","0.20150000000000001","0.2011","0.2036","0.20699999999999999","0.21440000000000001","0.2137","0.21190000000000001","0.20730000000000001","0.20630000000000001","0.20519999999999999","0.20430000000000001","0.20380000000000001","0.20519999999999999","0.20200000000000001","0.2029","0.2031","0.20169999999999999","0.2077","0.21029999999999999","0.21049999999999999","0.21440000000000001","0.22450000000000001","0.22220000000000001","0.216","0.222","0.22750000000000001","0.2296","0.23","0.23","0.24610000000000001","0.308","0.43569999999999998","0.60750000000000004","0.61670000000000003","0.81040000000000001","0.95879999999999999","0.95309999999999995","0.9476","0.98089999999999999","1.1019000000000001","1.1886000000000001","1.0867","1.0071000000000001","1.0232000000000001","0.99080000000000001","0.89510000000000001","0.87160000000000004","0.82010000000000005","0.77780000000000005","0.78879999999999995","0.84840000000000004","0.92869999999999997","1","1.0442","1.2184999999999999","1.4098999999999999","1.6295999999999999","2.7328999999999999","12.1449","23.919899999999998","28.23","45.749899999999997","48.440100000000001","49.15","48.49","53.1999","55.460099999999997","56.539900000000003","58.06","59.689900000000002","62.66","63.87","66.930099999999996","66.650099999999995","68.420100000000005","70.420100000000005","74.011499999999998","79.574600000000004","84.2928","87.954700000000003","89.715199999999996","91.509500000000003","92.675899999999999","95.277699999999996","100.12220000000001","105.1284","111.0354","122.5496","146.37870000000001","171.5093","199.84379999999999","236.01560000000001","265.39249999999998","307.15989999999999","372.10930000000002","441.69380000000001","513.88289999999995","590.90959999999995","653.42399999999998","709.61239999999998","752.89880000000005","787.66970000000003","826.69839999999999","881.33860000000004","935.10029999999995","995.03129999999999","1048.8548000000001","1092.9068","1135.9097999999999","1196.7433000000001","1243.4160999999999","1264.9576999999999","1287.6957","1308.0405000000001","1341.5491","1377.4516000000001","1410.9602","1445.6659999999999","1474.3876","1499.5192","1529.4380000000001","1555.7663","1606.0293999999999","1617.9970000000001","1643.1286","1687.4929999999999","1738.43","1758.1475","1761.4339","1759.7907","1758.0308","1777.3885","1796.7463","1805.5452","1800.2659000000001"
"1939","0.1807","0.18179999999999999","0.17649999999999999","0.1716","0.16880000000000001","0.17050000000000001","0.17469999999999999","0.18179999999999999","0.18290000000000001","0.1855","0.19120000000000001","0.21609999999999999","0.2291","0.2346","0.2346","0.21260000000000001","0.22120000000000001","0.21299999999999999","0.2104","0.21809999999999999","0.20399999999999999","0.19919999999999999","0.1928","0.189","0.19320000000000001","0.193","0.19259999999999999","0.19500000000000001","0.1983","0.20530000000000001","0.20469999999999999","0.2029","0.19850000000000001","0.1976","0.19650000000000001","0.1956","0.19520000000000001","0.19650000000000001","0.19339999999999999","0.1943","0.19450000000000001","0.19320000000000001","0.19889999999999999","0.2014","0.2016","0.20530000000000001","0.215","0.21279999999999999","0.2069","0.21260000000000001","0.21790000000000001","0.21990000000000001","0.2203","0.2203","0.23569999999999999","0.29499999999999998","0.4173","0.58179999999999998","0.5907","0.7762","0.91830000000000001","0.91279999999999994","0.90749999999999997","0.93940000000000001","1.0552999999999999","1.1384000000000001","1.0407999999999999","0.96450000000000002","0.98","0.94889999999999997","0.85719999999999996","0.83479999999999999","0.78539999999999999","0.74490000000000001","0.75549999999999995","0.8125","0.88939999999999997","0.9577","1","1.167","1.3503000000000001","1.5607","2.6173000000000002","11.6312","22.908100000000001","27.035900000000002","43.814700000000002","46.391100000000002","47.070900000000002","46.438899999999997","50.9495","53.114100000000001","54.148299999999999","55.604100000000003","57.164999999999999","60.009500000000003","61.168300000000002","64.0989","63.830800000000004","65.525899999999993","67.441299999999998","70.880799999999994","76.208600000000004","80.7273","84.234200000000001","85.920199999999994","87.6387","88.755700000000004","91.247399999999999","95.887","100.6814","106.3386","117.3657","140.18680000000001","164.25450000000001","191.3904","226.03219999999999","254.16630000000001","294.16699999999997","356.36900000000003","423.01010000000002","492.1456","565.91409999999996","625.78409999999997","679.59569999999997","721.05110000000002","754.35119999999995","791.72900000000004","844.05790000000002","895.54549999999995","952.94140000000004","1004.4882","1046.6768","1087.8607999999999","1146.1210000000001","1190.8196","1211.4499000000001","1233.2260000000001","1252.7103","1284.8015","1319.1853000000001","1351.2764999999999","1384.5142000000001","1412.0209","1436.0894000000001","1464.7427","1489.9573","1538.0943","1549.5555999999999","1573.6241","1616.1119000000001","1664.8942","1683.7777000000001","1686.9250999999999","1685.3514","1683.6659999999999","1702.2049","1720.7438","1729.1704999999999","1724.1146000000001"
"1940","0.15479999999999999","0.15570000000000001","0.1512","0.14710000000000001","0.14460000000000001","0.14610000000000001","0.1497","0.15570000000000001","0.15670000000000001","0.159","0.16389999999999999","0.1852","0.1963","0.2011","0.2011","0.1822","0.1895","0.18260000000000001","0.18029999999999999","0.18690000000000001","0.17480000000000001","0.17069999999999999","0.16520000000000001","0.16200000000000001","0.1656","0.16539999999999999","0.16500000000000001","0.1671","0.1699","0.1759","0.1754","0.1739","0.1701","0.16930000000000001","0.16839999999999999","0.1676","0.1673","0.16839999999999999","0.1658","0.16650000000000001","0.16669999999999999","0.1656","0.17050000000000001","0.1726","0.17269999999999999","0.1759","0.18429999999999999","0.18240000000000001","0.17730000000000001","0.1822","0.1867","0.18840000000000001","0.1888","0.1888","0.20200000000000001","0.25280000000000002","0.35759999999999997","0.49859999999999999","0.50609999999999999","0.66510000000000002","0.78690000000000004","0.78210000000000002","0.77759999999999996","0.80500000000000005","0.90429999999999999","0.97550000000000003","0.89180000000000004","0.82650000000000001","0.8397","0.81310000000000004","0.73460000000000003","0.71530000000000005","0.67300000000000004","0.63829999999999998","0.64729999999999999","0.69620000000000004","0.7621","0.82069999999999999","0.8569","1","1.1571","1.3373999999999999","2.2427999999999999","9.9667999999999992","19.63","23.167100000000001","37.544800000000002","39.752499999999998","40.335099999999997","39.793500000000002","43.658700000000003","45.513500000000001","46.399700000000003","47.647199999999998","48.984699999999997","51.4221","52.415100000000002","54.926400000000001","54.696599999999997","56.149099999999997","57.790399999999998","60.7378","65.303200000000004","69.175200000000004","72.180300000000003","73.625100000000003","75.0976","76.054699999999997","78.189899999999994","82.165599999999998","86.273899999999998","91.121600000000001","100.5707","120.12609999999999","140.74969999999999","164.0025","193.68700000000001","217.79519999999999","252.07169999999999","305.37270000000001","362.47739999999999","421.71969999999999","484.93180000000001","536.23450000000003","582.34569999999997","617.86879999999996","646.40359999999998","678.43269999999995","723.27340000000004","767.3931","816.57560000000001","860.74609999999996","896.89750000000004","932.18799999999999","982.11120000000005","1020.4134","1038.0916","1056.7516000000001","1073.4476","1100.9466","1130.4100000000001","1157.9090000000001","1186.3904","1209.9609","1230.5852","1255.1382000000001","1276.7446","1317.9931999999999","1327.8144","1348.4386999999999","1384.8465000000001","1426.6481000000001","1442.8293000000001","1445.5263","1444.1777999999999","1442.7336","1458.6196","1474.5056","1481.7264","1477.394"
"1941","0.1338","0.1346","0.13070000000000001","0.12709999999999999","0.125","0.1263","0.12939999999999999","0.1346","0.13539999999999999","0.13739999999999999","0.1416","0.16009999999999999","0.16969999999999999","0.17380000000000001","0.17380000000000001","0.15740000000000001","0.1638","0.1578","0.15579999999999999","0.1615","0.15110000000000001","0.14749999999999999","0.14280000000000001","0.14000000000000001","0.1431","0.1429","0.1426","0.1444","0.14680000000000001","0.15210000000000001","0.15160000000000001","0.15029999999999999","0.14699999999999999","0.1464","0.14549999999999999","0.1449","0.14460000000000001","0.14549999999999999","0.14330000000000001","0.1439","0.14410000000000001","0.1431","0.14729999999999999","0.14910000000000001","0.14929999999999999","0.15210000000000001","0.15920000000000001","0.15759999999999999","0.1532","0.15740000000000001","0.16139999999999999","0.1628","0.16320000000000001","0.16320000000000001","0.17460000000000001","0.2185","0.309","0.43090000000000001","0.43740000000000001","0.57479999999999998","0.68","0.67600000000000005","0.67210000000000003","0.69569999999999999","0.78149999999999997","0.84299999999999997","0.77080000000000004","0.71430000000000005","0.72570000000000001","0.70269999999999999","0.63490000000000002","0.61819999999999997","0.58169999999999999","0.55159999999999998","0.5595","0.60170000000000001","0.65869999999999995","0.70930000000000004","0.74060000000000004","0.86429999999999996","1","1.1557999999999999","1.9382999999999999","8.6137999999999995","16.965199999999999","20.022200000000002","32.4482","34.356200000000001","34.859699999999997","34.391599999999997","37.732100000000003","39.335099999999997","40.100999999999999","41.179099999999998","42.335099999999997","44.441699999999997","45.299900000000001","47.470199999999998","47.271700000000003","48.527000000000001","49.945500000000003","52.492699999999999","56.438400000000001","59.784799999999997","62.381999999999998","63.630600000000001","64.903199999999998","65.730500000000006","67.575800000000001","71.011700000000005","74.562399999999997","78.751999999999995","86.918400000000005","103.8192","121.64319999999999","141.73939999999999","167.39439999999999","188.22989999999999","217.8535","263.91890000000001","313.27179999999998","364.47199999999998","419.10329999999999","463.44170000000003","503.29340000000002","533.99429999999995","558.65560000000005","586.33680000000004","625.09040000000005","663.22090000000003","705.72699999999998","743.90150000000006","775.1454","805.64530000000002","848.79150000000004","881.89430000000004","897.17259999999999","913.29960000000005","927.72919999999999","951.49519999999995","976.95899999999995","1000.7251","1025.3402000000001","1045.711","1063.5356999999999","1084.7556","1103.4289000000001","1139.0781999999999","1147.5662","1165.3907999999999","1196.8562999999999","1232.9834000000001","1246.9680000000001","1249.2989","1248.1334999999999","1246.8852999999999","1260.6148000000001","1274.3443","1280.5849000000001","1276.8406"
"1942","0.1158","0.11650000000000001","0.11310000000000001","0.11","0.1081","0.10929999999999999","0.1119","0.11650000000000001","0.1172","0.11890000000000001","0.1225","0.13850000000000001","0.14680000000000001","0.15029999999999999","0.15029999999999999","0.13619999999999999","0.14169999999999999","0.13650000000000001","0.1348","0.13980000000000001","0.13070000000000001","0.12759999999999999","0.1235","0.1211","0.12379999999999999","0.1237","0.1234","0.1249","0.127","0.13159999999999999","0.13109999999999999","0.13","0.12720000000000001","0.12659999999999999","0.12590000000000001","0.12540000000000001","0.12509999999999999","0.12590000000000001","0.1239","0.1245","0.1246","0.12379999999999999","0.1275","0.129","0.12920000000000001","0.13159999999999999","0.13780000000000001","0.13639999999999999","0.1326","0.13619999999999999","0.1396","0.1409","0.14119999999999999","0.14119999999999999","0.151","0.189","0.26740000000000003","0.37280000000000002","0.3785","0.49730000000000002","0.58840000000000003","0.58479999999999999","0.58150000000000002","0.60189999999999999","0.67620000000000002","0.72940000000000005","0.66690000000000005","0.61799999999999999","0.62790000000000001","0.60799999999999998","0.54930000000000001","0.53490000000000004","0.50319999999999998","0.4773","0.48399999999999999","0.52059999999999995","0.56989999999999996","0.61360000000000003","0.64070000000000005","0.74770000000000003","0.86519999999999997","1","1.677","7.4526000000000003","14.678100000000001","17.323","28.073799999999999","29.724599999999999","30.1602","29.755199999999999","32.645400000000002","34.032299999999999","34.694899999999997","35.627800000000001","36.627899999999997","38.450499999999998","39.192999999999998","41.070700000000002","40.898899999999998","41.984999999999999","43.212299999999999","45.4161","48.829900000000002","51.725200000000001","53.972200000000001","55.052500000000002","56.153599999999997","56.869300000000003","58.465800000000002","61.438600000000001","64.510599999999997","68.135400000000004","75.200900000000004","89.823300000000003","105.2444","122.6314","144.8278","162.8545","188.4845","228.3398","271.0394","315.3372","362.60359999999997","400.96469999999999","435.44400000000002","462.0061","483.34269999999998","507.29219999999998","540.82140000000004","573.81150000000002","610.5874","643.6155","670.64739999999995","697.03560000000004","734.36519999999996","763.00540000000001","776.22400000000005","790.17690000000005","802.66120000000001","823.22329999999999","845.25440000000003","865.81650000000002","887.11320000000001","904.73789999999997","920.15949999999998","938.51880000000006","954.6748","985.5181","992.86180000000002","1008.2835","1035.5071","1066.7637999999999","1078.8632","1080.8798999999999","1079.8715","1078.7916","1090.6702","1102.5488","1107.9482","1104.7085999999999"
"1943","6.9019999999999998E-2","6.9440000000000002E-2","6.7419999999999994E-2","6.5570000000000003E-2","6.4479999999999996E-2","6.515E-2","6.6750000000000004E-2","6.9440000000000002E-2","6.9870000000000002E-2","7.0879999999999999E-2","7.306E-2","8.2580000000000001E-2","8.7540000000000007E-2","8.9649999999999994E-2","8.9649999999999994E-2","8.1229999999999997E-2","8.4510000000000002E-2","8.14E-2","8.0390000000000003E-2","8.3330000000000001E-2","7.7950000000000005E-2","7.6090000000000005E-2","7.3649999999999993E-2","7.2220000000000006E-2","7.3819999999999997E-2","7.374E-2","7.3569999999999997E-2","7.4490000000000001E-2","7.5759999999999994E-2","7.8450000000000006E-2","7.8200000000000006E-2","7.7530000000000002E-2","7.5840000000000005E-2","7.5509999999999994E-2","7.5079999999999994E-2","7.4749999999999997E-2","7.4579999999999994E-2","7.5079999999999994E-2","7.3910000000000003E-2","7.424E-2","7.4329999999999993E-2","7.3819999999999997E-2","7.6009999999999994E-2","7.6939999999999995E-2","7.7020000000000005E-2","7.8450000000000006E-2","8.2150000000000001E-2","8.1309999999999993E-2","7.9039999999999999E-2","8.1229999999999997E-2","8.3250000000000005E-2","8.4010000000000001E-2","8.4180000000000005E-2","8.4180000000000005E-2","9.0069999999999997E-2","0.11269999999999999","0.15939999999999999","0.2223","0.22570000000000001","0.29649999999999999","0.3508","0.34870000000000001","0.34670000000000001","0.3589","0.4032","0.43490000000000001","0.39760000000000001","0.36849999999999999","0.37440000000000001","0.36249999999999999","0.32750000000000001","0.31890000000000002","0.30009999999999998","0.28460000000000002","0.28860000000000002","0.31040000000000001","0.33979999999999999","0.3659","0.3821","0.44590000000000002","0.51590000000000003","0.59630000000000005","1","4.4439000000000002","8.7524999999999995","10.329599999999999","16.740300000000001","17.724699999999999","17.984400000000001","17.742899999999999","19.4663","20.293399999999998","20.688500000000001","21.244700000000002","21.841100000000001","22.927900000000001","23.3706","24.490300000000001","24.387899999999998","25.035499999999999","25.767299999999999","27.081499999999998","29.117100000000001","30.843499999999999","32.183399999999999","32.827599999999997","33.484200000000001","33.910899999999998","34.863","36.635599999999997","38.467399999999998","40.628900000000002","44.841999999999999","53.561300000000003","62.756799999999998","73.124700000000004","86.360299999999995","97.109499999999997","112.3926","136.15819999999999","161.6198","188.03440000000001","216.2192","239.09379999999999","259.65359999999998","275.49250000000001","288.21550000000002","302.49650000000003","322.4898","342.1617","364.09100000000001","383.78550000000001","399.90449999999998","415.6397","437.89920000000001","454.97730000000001","462.85950000000003","471.17950000000002","478.62389999999999","490.88499999999999","504.02210000000002","516.28319999999997","528.98230000000001","539.49180000000001","548.68769999999995","559.63530000000003","569.26900000000001","587.66079999999999","592.03980000000001","601.23569999999995","617.46900000000005","636.10730000000001","643.32209999999998","644.52470000000005","643.92340000000002","643.27949999999998","650.36260000000004","657.44579999999996","660.66539999999998","658.7337"
"1944","1.553E-2","1.5630000000000002E-2","1.5169999999999999E-2","1.4760000000000001E-2","1.451E-2","1.4659999999999999E-2","1.502E-2","1.5630000000000002E-2","1.5720000000000001E-2","1.5949999999999999E-2","1.644E-2","1.8579999999999999E-2","1.9699999999999999E-2","2.017E-2","2.017E-2","1.8280000000000001E-2","1.9019999999999999E-2","1.8319999999999999E-2","1.8089999999999998E-2","1.8749999999999999E-2","1.754E-2","1.712E-2","1.6570000000000001E-2","1.6250000000000001E-2","1.661E-2","1.6590000000000001E-2","1.6549999999999999E-2","1.6760000000000001E-2","1.7049999999999999E-2","1.7649999999999999E-2","1.7600000000000001E-2","1.745E-2","1.7069999999999998E-2","1.6990000000000002E-2","1.6899999999999998E-2","1.6820000000000002E-2","1.678E-2","1.6899999999999998E-2","1.6629999999999999E-2","1.6709999999999999E-2","1.6729999999999998E-2","1.661E-2","1.7100000000000001E-2","1.7309999999999999E-2","1.7330000000000002E-2","1.7649999999999999E-2","1.8489999999999999E-2","1.83E-2","1.779E-2","1.8280000000000001E-2","1.873E-2","1.89E-2","1.8939999999999999E-2","1.8939999999999999E-2","2.027E-2","2.5360000000000001E-2","3.5880000000000002E-2","5.0020000000000002E-2","5.0779999999999999E-2","6.6729999999999998E-2","7.8950000000000006E-2","7.8469999999999998E-2","7.8020000000000006E-2","8.0769999999999995E-2","9.0730000000000005E-2","9.7869999999999999E-2","8.9480000000000004E-2","8.2930000000000004E-2","8.4250000000000005E-2","8.158E-2","7.3700000000000002E-2","7.177E-2","6.7530000000000007E-2","6.404E-2","6.4949999999999994E-2","6.9860000000000005E-2","7.6469999999999996E-2","8.2339999999999997E-2","8.5980000000000001E-2","0.1003","0.11609999999999999","0.13420000000000001","0.22500000000000001","1","1.9695","2.3243999999999998","3.7669999999999999","3.9885000000000002","4.0469999999999997","3.9925999999999999","4.3803999999999998","4.5664999999999996","4.6554000000000002","4.7805999999999997","4.9147999999999996","5.1593999999999998","5.2590000000000003","5.5109000000000004","5.4878999999999998","5.6336000000000004","5.7983000000000002","6.0940000000000003","6.5521000000000003","6.9405999999999999","7.2420999999999998","7.3871000000000002","7.5347999999999997","7.6307999999999998","7.8451000000000004","8.2439","8.6562000000000001","9.1425000000000001","10.0906","12.0527","14.1219","16.454899999999999","19.433299999999999","21.8521","25.2912","30.639099999999999","36.368600000000001","42.312600000000003","48.654800000000002","53.802199999999999","58.428699999999999","61.992899999999999","64.855900000000005","68.069400000000002","72.5685","76.995099999999994","81.9298","86.361599999999996","89.988699999999994","93.529600000000002","98.538499999999999","102.3815","104.15519999999999","106.0274","107.7026","110.46169999999999","113.4179","116.1769","119.03449999999999","121.3995","123.4688","125.93219999999999","128.1001","132.23869999999999","133.22409999999999","135.29339999999999","138.94630000000001","143.1404","144.76390000000001","145.03450000000001","144.89920000000001","144.7543","146.34819999999999","147.94210000000001","148.66659999999999","148.2319"
"1945","7.8860000000000006E-3","7.9340000000000001E-3","7.7029999999999998E-3","7.4920000000000004E-3","7.3670000000000003E-3","7.4440000000000001E-3","7.626E-3","7.9340000000000001E-3","7.9819999999999995E-3","8.0979999999999993E-3","8.3479999999999995E-3","9.4350000000000007E-3","0.01","1.0240000000000001E-2","1.0240000000000001E-2","9.2809999999999993E-3","9.6559999999999997E-3","9.2999999999999992E-3","9.1839999999999995E-3","9.5209999999999999E-3","8.9060000000000007E-3","8.6940000000000003E-3","8.4150000000000006E-3","8.2520000000000007E-3","8.4340000000000005E-3","8.4250000000000002E-3","8.4049999999999993E-3","8.5109999999999995E-3","8.6560000000000005E-3","8.9630000000000005E-3","8.9339999999999992E-3","8.8570000000000003E-3","8.6650000000000008E-3","8.6269999999999993E-3","8.5789999999999998E-3","8.5400000000000007E-3","8.5210000000000008E-3","8.5789999999999998E-3","8.4440000000000001E-3","8.482E-3","8.4919999999999995E-3","8.4340000000000005E-3","8.6840000000000007E-3","8.7899999999999992E-3","8.8000000000000005E-3","8.9630000000000005E-3","9.3860000000000002E-3","9.2899999999999996E-3","9.0310000000000008E-3","9.2809999999999993E-3","9.5110000000000004E-3","9.5980000000000006E-3","9.6170000000000005E-3","9.6170000000000005E-3","1.0290000000000001E-2","1.2880000000000001E-2","1.822E-2","2.5399999999999999E-2","2.5780000000000001E-2","3.388E-2","4.0079999999999998E-2","3.984E-2","3.9609999999999999E-2","4.1009999999999998E-2","4.607E-2","4.9689999999999998E-2","4.5429999999999998E-2","4.2099999999999999E-2","4.2779999999999999E-2","4.1419999999999998E-2","3.7420000000000002E-2","3.644E-2","3.4290000000000001E-2","3.252E-2","3.2980000000000002E-2","3.5470000000000002E-2","3.882E-2","4.181E-2","4.3650000000000001E-2","5.0939999999999999E-2","5.8939999999999999E-2","6.8129999999999996E-2","0.1143","0.50770000000000004","1","1.1801999999999999","1.9126000000000001","2.0251000000000001","2.0548000000000002","2.0272000000000001","2.2241","2.3186","2.3637000000000001","2.4272999999999998","2.4954000000000001","2.6196000000000002","2.6701999999999999","2.7980999999999998","2.7864","2.8603999999999998","2.944","3.0941000000000001","3.3267000000000002","3.524","3.677","3.7505999999999999","3.8256999999999999","3.8744000000000001","3.9832000000000001","4.1856999999999998","4.3949999999999996","4.6420000000000003","5.1233000000000004","6.1195000000000004","7.1700999999999997","8.3546999999999993","9.8668999999999993","11.095000000000001","12.841200000000001","15.5564","18.465499999999999","21.4834","24.703600000000002","27.3171","29.6661","31.4758","32.929400000000001","34.561100000000003","36.845300000000002","39.0929","41.598399999999998","43.848500000000001","45.690199999999997","47.488","50.031199999999998","51.982399999999998","52.883000000000003","53.833599999999997","54.684100000000001","56.085000000000001","57.585900000000002","58.986800000000002","60.4377","61.638399999999997","62.689100000000003","63.939900000000002","65.040499999999994","67.141900000000007","67.642200000000003","68.692800000000005","70.547499999999999","72.677000000000007","73.501300000000001","73.6387","73.569999999999993","73.496399999999994","74.305700000000002","75.114999999999995","75.482799999999997","75.262100000000004"
"1946","6.6819999999999996E-3","6.7229999999999998E-3","6.5269999999999998E-3","6.3480000000000003E-3","6.2420000000000002E-3","6.3070000000000001E-3","6.4619999999999999E-3","6.7229999999999998E-3","6.764E-3","6.8609999999999999E-3","7.0730000000000003E-3","7.9939999999999994E-3","8.4749999999999999E-3","8.6789999999999992E-3","8.6789999999999992E-3","7.8639999999999995E-3","8.1810000000000008E-3","7.8799999999999999E-3","7.7819999999999999E-3","8.0669999999999995E-3","7.5459999999999998E-3","7.3670000000000003E-3","7.1300000000000001E-3","6.992E-3","7.1469999999999997E-3","7.1380000000000002E-3","7.1219999999999999E-3","7.2119999999999997E-3","7.3340000000000002E-3","7.5950000000000002E-3","7.5700000000000003E-3","7.5050000000000004E-3","7.3419999999999996E-3","7.3099999999999997E-3","7.2690000000000003E-3","7.2360000000000002E-3","7.2199999999999999E-3","7.2690000000000003E-3","7.1549999999999999E-3","7.1869999999999998E-3","7.195E-3","7.1469999999999997E-3","7.358E-3","7.4479999999999998E-3","7.456E-3","7.5950000000000002E-3","7.953E-3","7.8720000000000005E-3","7.6519999999999999E-3","7.8639999999999995E-3","8.0590000000000002E-3","8.1329999999999996E-3","8.149E-3","8.149E-3","8.7189999999999993E-3","1.091E-2","1.5429999999999999E-2","2.1520000000000001E-2","2.1850000000000001E-2","2.8709999999999999E-2","3.3959999999999997E-2","3.3759999999999998E-2","3.3570000000000003E-2","3.4750000000000003E-2","3.9030000000000002E-2","4.2110000000000002E-2","3.85E-2","3.5680000000000003E-2","3.6249999999999998E-2","3.5099999999999999E-2","3.1710000000000002E-2","3.0880000000000001E-2","2.9049999999999999E-2","2.7550000000000002E-2","2.794E-2","3.005E-2","3.2899999999999999E-2","3.542E-2","3.6990000000000002E-2","4.3159999999999997E-2","4.9939999999999998E-2","5.7729999999999997E-2","9.6809999999999993E-2","0.43020000000000003","0.84730000000000005","1","1.6206","1.7159","1.7411000000000001","1.7177","1.8845000000000001","1.9645999999999999","2.0028000000000001","2.0567000000000002","2.1143999999999998","2.2195999999999998","2.2625000000000002","2.3708999999999998","2.3610000000000002","2.4237000000000002","2.4944999999999999","2.6217000000000001","2.8188","2.9859","3.1156000000000001","3.1779999999999999","3.2416","3.2829000000000002","3.375","3.5467","3.7240000000000002","3.9331999999999998","4.3411","5.1852","6.0754000000000001","7.0791000000000004","8.3604000000000003","9.4010999999999996","10.880599999999999","13.1813","15.6462","18.203399999999998","20.931899999999999","23.1464","25.136800000000001","26.670100000000001","27.901800000000001","29.284300000000002","31.219899999999999","33.124299999999998","35.247199999999999","37.1539","38.714300000000001","40.2376","42.392499999999998","44.0458","44.808900000000001","45.614400000000003","46.335099999999997","47.521999999999998","48.793799999999997","49.980800000000002","51.2102","52.227600000000002","53.117800000000003","54.177700000000002","55.110300000000002","56.890799999999999","57.314700000000002","58.204999999999998","59.776499999999999","61.580800000000004","62.279299999999999","62.395699999999998","62.337499999999999","62.275199999999998","62.960900000000002","63.646599999999999","63.958300000000001","63.771299999999997"
"1947","4.1229999999999999E-3","4.1479999999999998E-3","4.0280000000000003E-3","3.9170000000000003E-3","3.852E-3","3.8920000000000001E-3","3.9870000000000001E-3","4.1479999999999998E-3","4.1729999999999996E-3","4.2339999999999999E-3","4.365E-3","4.9329999999999999E-3","5.2290000000000001E-3","5.3550000000000004E-3","5.3550000000000004E-3","4.8520000000000004E-3","5.0480000000000004E-3","4.862E-3","4.8019999999999998E-3","4.9779999999999998E-3","4.6560000000000004E-3","4.5459999999999997E-3","4.4000000000000003E-3","4.3140000000000001E-3","4.4099999999999999E-3","4.4050000000000001E-3","4.3949999999999996E-3","4.45E-3","4.5250000000000004E-3","4.6860000000000001E-3","4.6709999999999998E-3","4.6309999999999997E-3","4.5300000000000002E-3","4.5100000000000001E-3","4.4850000000000003E-3","4.4650000000000002E-3","4.4549999999999998E-3","4.4850000000000003E-3","4.4149999999999997E-3","4.4349999999999997E-3","4.4400000000000004E-3","4.4099999999999999E-3","4.5409999999999999E-3","4.5960000000000003E-3","4.6010000000000001E-3","4.6860000000000001E-3","4.908E-3","4.8570000000000002E-3","4.7219999999999996E-3","4.8520000000000004E-3","4.973E-3","5.0179999999999999E-3","5.0280000000000004E-3","5.0280000000000004E-3","5.3800000000000002E-3","6.7330000000000003E-3","9.5239999999999995E-3","1.328E-2","1.3480000000000001E-2","1.771E-2","2.0959999999999999E-2","2.0830000000000001E-2","2.0709999999999999E-2","2.1440000000000001E-2","2.409E-2","2.598E-2","2.375E-2","2.2009999999999998E-2","2.2370000000000001E-2","2.1659999999999999E-2","1.9570000000000001E-2","1.9050000000000001E-2","1.7930000000000001E-2","1.7000000000000001E-2","1.7239999999999998E-2","1.8540000000000001E-2","2.0299999999999999E-2","2.1860000000000001E-2","2.282E-2","2.6630000000000001E-2","3.082E-2","3.5619999999999999E-2","5.9740000000000001E-2","0.26550000000000001","0.52280000000000004","0.61709999999999998","1","1.0588","1.0743","1.0599000000000001","1.1628000000000001","1.2121999999999999","1.2358","1.2690999999999999","1.3047","1.3695999999999999","1.3960999999999999","1.4630000000000001","1.4568000000000001","1.4955000000000001","1.5391999999999999","1.6176999999999999","1.7393000000000001","1.8425","1.9225000000000001","1.9610000000000001","2.0002","2.0257000000000001","2.0825999999999998","2.1884999999999999","2.2978999999999998","2.427","2.6787000000000001","3.1995","3.7488000000000001","4.3681999999999999","5.1588000000000003","5.8009000000000004","6.7138999999999998","8.1334999999999997","9.6545000000000005","11.2324","12.9161","14.282500000000001","15.5107","16.456800000000001","17.216799999999999","18.069900000000001","19.264299999999999","20.439399999999999","21.749300000000002","22.925799999999999","23.8887","24.828700000000001","26.1584","27.1785","27.6494","28.1464","28.591100000000001","29.323499999999999","30.1083","30.840699999999998","31.599299999999999","32.2271","32.776400000000002","33.430399999999999","34.005899999999997","35.104500000000002","35.366100000000003","35.915399999999998","36.885100000000001","37.9985","38.429499999999997","38.501300000000001","38.465400000000002","38.427","38.850099999999998","39.273200000000003","39.465499999999999","39.350099999999998"
"1948","3.8939999999999999E-3","3.9179999999999996E-3","3.8040000000000001E-3","3.699E-3","3.6380000000000002E-3","3.676E-3","3.7659999999999998E-3","3.9179999999999996E-3","3.9420000000000002E-3","3.999E-3","4.1219999999999998E-3","4.6589999999999999E-3","4.9389999999999998E-3","5.058E-3","5.058E-3","4.5830000000000003E-3","4.7679999999999997E-3","4.5919999999999997E-3","4.535E-3","4.7019999999999996E-3","4.398E-3","4.2929999999999999E-3","4.1549999999999998E-3","4.0749999999999996E-3","4.1650000000000003E-3","4.1599999999999996E-3","4.1510000000000002E-3","4.2030000000000001E-3","4.274E-3","4.4260000000000002E-3","4.4120000000000001E-3","4.3740000000000003E-3","4.2789999999999998E-3","4.2599999999999999E-3","4.2360000000000002E-3","4.2170000000000003E-3","4.2079999999999999E-3","4.2360000000000002E-3","4.1700000000000001E-3","4.189E-3","4.1929999999999997E-3","4.1650000000000003E-3","4.2880000000000001E-3","4.3410000000000002E-3","4.3449999999999999E-3","4.4260000000000002E-3","4.6350000000000002E-3","4.5880000000000001E-3","4.4590000000000003E-3","4.5830000000000003E-3","4.6969999999999998E-3","4.7400000000000003E-3","4.7489999999999997E-3","4.7489999999999997E-3","5.0809999999999996E-3","6.3590000000000001E-3","8.9949999999999995E-3","1.2540000000000001E-2","1.273E-2","1.6729999999999998E-2","1.9789999999999999E-2","1.968E-2","1.9560000000000001E-2","2.0250000000000001E-2","2.2749999999999999E-2","2.4539999999999999E-2","2.2429999999999999E-2","2.0789999999999999E-2","2.112E-2","2.0449999999999999E-2","1.848E-2","1.7989999999999999E-2","1.6930000000000001E-2","1.6060000000000001E-2","1.6279999999999999E-2","1.7510000000000001E-2","1.917E-2","2.0639999999999999E-2","2.1559999999999999E-2","2.5159999999999998E-2","2.911E-2","3.3640000000000003E-2","5.6419999999999998E-2","0.25069999999999998","0.49380000000000002","0.58279999999999998","0.94450000000000001","1","1.0146999999999999","1.0009999999999999","1.0983000000000001","1.1449","1.1672","1.1986000000000001","1.2322","1.2936000000000001","1.3185","1.3816999999999999","1.3758999999999999","1.4125000000000001","1.4538","1.5279","1.6427","1.7401","1.8157000000000001","1.8521000000000001","1.8891","1.9132","1.9669000000000001","2.0669","2.1703000000000001","2.2921999999999998","2.5299","3.0219","3.5406","4.1256000000000004","4.8723000000000001","5.4787999999999997","6.3410000000000002","7.6818","9.1183999999999994","10.608599999999999","12.1988","13.4893","14.6493","15.542899999999999","16.2607","17.066400000000002","18.194400000000002","19.304300000000001","20.541499999999999","21.6526","22.562000000000001","23.4498","24.7056","25.6692","26.113900000000001","26.583300000000001","27.003299999999999","27.695","28.436199999999999","29.128","29.8444","30.4374","30.956199999999999","31.573799999999999","32.1173","33.155000000000001","33.402000000000001","33.920900000000003","34.8367","35.888300000000001","36.295299999999997","36.363199999999999","36.3292","36.292900000000003","36.692500000000003","37.092100000000002","37.273800000000001","37.1648"
"1949","3.8379999999999998E-3","3.8609999999999998E-3","3.7490000000000002E-3","3.6459999999999999E-3","3.5850000000000001E-3","3.6229999999999999E-3","3.712E-3","3.8609999999999998E-3","3.885E-3","3.9410000000000001E-3","4.0629999999999998E-3","4.5919999999999997E-3","4.8679999999999999E-3","4.9849999999999998E-3","4.9849999999999998E-3","4.5170000000000002E-3","4.6990000000000001E-3","4.5259999999999996E-3","4.47E-3","4.6340000000000001E-3","4.3340000000000002E-3","4.2310000000000004E-3","4.0949999999999997E-3","4.0159999999999996E-3","4.1050000000000001E-3","4.1000000000000003E-3","4.091E-3","4.1419999999999998E-3","4.2119999999999996E-3","4.3620000000000004E-3","4.3480000000000003E-3","4.3109999999999997E-3","4.2170000000000003E-3","4.1980000000000003E-3","4.1749999999999999E-3","4.156E-3","4.1469999999999996E-3","4.1749999999999999E-3","4.1089999999999998E-3","4.1279999999999997E-3","4.1330000000000004E-3","4.1050000000000001E-3","4.2259999999999997E-3","4.2779999999999997E-3","4.2830000000000003E-3","4.3620000000000004E-3","4.568E-3","4.5209999999999998E-3","4.3949999999999996E-3","4.5170000000000002E-3","4.6290000000000003E-3","4.6709999999999998E-3","4.6800000000000001E-3","4.6800000000000001E-3","5.0080000000000003E-3","6.267E-3","8.8649999999999996E-3","1.2359999999999999E-2","1.255E-2","1.6490000000000001E-2","1.951E-2","1.9390000000000001E-2","1.9279999999999999E-2","1.9959999999999999E-2","2.2419999999999999E-2","2.418E-2","2.2110000000000001E-2","2.0490000000000001E-2","2.0820000000000002E-2","2.0160000000000001E-2","1.821E-2","1.7729999999999999E-2","1.669E-2","1.5820000000000001E-2","1.6049999999999998E-2","1.7260000000000001E-2","1.8890000000000001E-2","2.035E-2","2.1239999999999998E-2","2.479E-2","2.869E-2","3.3160000000000002E-2","5.5599999999999997E-2","0.24709999999999999","0.48670000000000002","0.57440000000000002","0.93079999999999996","0.98560000000000003","1","0.98660000000000003","1.0824","1.1284000000000001","1.1504000000000001","1.1813","1.2143999999999999","1.2748999999999999","1.2995000000000001","1.3617999999999999","1.3561000000000001","1.3920999999999999","1.4328000000000001","1.5058","1.619","1.7150000000000001","1.7895000000000001","1.8252999999999999","1.8617999999999999","1.8855999999999999","1.9384999999999999","2.0371000000000001","2.1389","2.2591000000000001","2.4933999999999998","2.9782000000000002","3.4895","4.0659999999999998","4.8018999999999998","5.3996000000000004","6.2493999999999996","7.5709","8.9867000000000008","10.455399999999999","12.022600000000001","13.294499999999999","14.4377","15.3184","16.0258","16.819900000000001","17.9316","19.025400000000001","20.244800000000001","21.3399","22.2362","23.1111","24.348800000000001","25.298400000000001","25.736699999999999","26.199300000000001","26.613199999999999","27.295000000000002","28.025500000000001","28.7072","29.413399999999999","29.997699999999998","30.509","31.117799999999999","31.653400000000001","32.676099999999998","32.919600000000003","33.430900000000001","34.333500000000001","35.369900000000001","35.771099999999997","35.837899999999998","35.804499999999997","35.768700000000003","36.162500000000001","36.556399999999996","36.735399999999998","36.628"
"1950","3.8899999999999998E-3","3.9139999999999999E-3","3.8E-3","3.6960000000000001E-3","3.6340000000000001E-3","3.6719999999999999E-3","3.7620000000000002E-3","3.9139999999999999E-3","3.9379999999999997E-3","3.9950000000000003E-3","4.1180000000000001E-3","4.6540000000000002E-3","4.934E-3","5.0530000000000002E-3","5.0530000000000002E-3","4.5779999999999996E-3","4.7629999999999999E-3","4.5880000000000001E-3","4.5310000000000003E-3","4.6969999999999998E-3","4.3930000000000002E-3","4.2890000000000003E-3","4.1510000000000002E-3","4.0699999999999998E-3","4.1609999999999998E-3","4.156E-3","4.1460000000000004E-3","4.1989999999999996E-3","4.2700000000000004E-3","4.4219999999999997E-3","4.4070000000000003E-3","4.3689999999999996E-3","4.274E-3","4.2560000000000002E-3","4.2319999999999997E-3","4.2129999999999997E-3","4.2030000000000001E-3","4.2319999999999997E-3","4.1650000000000003E-3","4.1840000000000002E-3","4.189E-3","4.1609999999999998E-3","4.2839999999999996E-3","4.3359999999999996E-3","4.3410000000000002E-3","4.4219999999999997E-3","4.6299999999999996E-3","4.5830000000000003E-3","4.4549999999999998E-3","4.5779999999999996E-3","4.692E-3","4.7349999999999996E-3","4.744E-3","4.744E-3","5.0759999999999998E-3","6.352E-3","8.9849999999999999E-3","1.2529999999999999E-2","1.272E-2","1.6709999999999999E-2","1.9769999999999999E-2","1.966E-2","1.9539999999999998E-2","2.0230000000000001E-2","2.2720000000000001E-2","2.4510000000000001E-2","2.2409999999999999E-2","2.077E-2","2.1100000000000001E-2","2.043E-2","1.8460000000000001E-2","1.7979999999999999E-2","1.6910000000000001E-2","1.6039999999999999E-2","1.627E-2","1.7500000000000002E-2","1.915E-2","2.0619999999999999E-2","2.1530000000000001E-2","2.513E-2","2.9080000000000002E-2","3.3610000000000001E-2","5.636E-2","0.2505","0.49330000000000002","0.58220000000000005","0.94350000000000001","0.999","1.0136000000000001","1","1.0971","1.1436999999999999","1.1659999999999999","1.1974","1.2310000000000001","1.2922","1.3171999999999999","1.3803000000000001","1.3745000000000001","1.411","1.4522999999999999","1.5263","1.6411","1.7383999999999999","1.8139000000000001","1.8502000000000001","1.8872","1.9112","1.9649000000000001","2.0648","2.1680000000000001","2.2898999999999998","2.5272999999999999","3.0186999999999999","3.5369999999999999","4.1212999999999997","4.8673000000000002","5.4730999999999996","6.3345000000000002","7.6738999999999997","9.109","10.5977","12.186199999999999","13.4754","14.6342","15.526899999999999","16.244","17.0488","18.175699999999999","19.284400000000002","20.520299999999999","21.630299999999998","22.538799999999998","23.425699999999999","24.680199999999999","25.642700000000001","26.087","26.555900000000001","26.9755","27.666499999999999","28.4069","29.097999999999999","29.813700000000001","30.405999999999999","30.924299999999999","31.5413","32.084299999999999","33.120800000000003","33.367600000000003","33.885899999999999","34.800899999999999","35.851300000000002","36.257899999999999","36.325699999999998","36.291800000000002","36.255499999999998","36.654699999999998","37.054000000000002","37.235399999999998","37.1265"
"1951","3.5460000000000001E-3","3.5669999999999999E-3","3.4640000000000001E-3","3.369E-3","3.3119999999999998E-3","3.3470000000000001E-3","3.4290000000000002E-3","3.5669999999999999E-3","3.5890000000000002E-3","3.6410000000000001E-3","3.7529999999999998E-3","4.2420000000000001E-3","4.4970000000000001E-3","4.6049999999999997E-3","4.6049999999999997E-3","4.1729999999999996E-3","4.3410000000000002E-3","4.1809999999999998E-3","4.13E-3","4.2810000000000001E-3","4.0039999999999997E-3","3.9090000000000001E-3","3.784E-3","3.7100000000000002E-3","3.7919999999999998E-3","3.7880000000000001E-3","3.7789999999999998E-3","3.8270000000000001E-3","3.8920000000000001E-3","4.0299999999999997E-3","4.0169999999999997E-3","3.9830000000000004E-3","3.8960000000000002E-3","3.8790000000000001E-3","3.8570000000000002E-3","3.8400000000000001E-3","3.8310000000000002E-3","3.8570000000000002E-3","3.797E-3","3.8140000000000001E-3","3.8180000000000002E-3","3.7919999999999998E-3","3.9050000000000001E-3","3.9519999999999998E-3","3.9569999999999996E-3","4.0299999999999997E-3","4.2199999999999998E-3","4.1770000000000002E-3","4.0600000000000002E-3","4.1729999999999996E-3","4.2770000000000004E-3","4.3150000000000003E-3","4.3239999999999997E-3","4.3239999999999997E-3","4.627E-3","5.79E-3","8.1899999999999994E-3","1.142E-2","1.159E-2","1.523E-2","1.8020000000000001E-2","1.7909999999999999E-2","1.7809999999999999E-2","1.8440000000000002E-2","2.0709999999999999E-2","2.2339999999999999E-2","2.043E-2","1.8929999999999999E-2","1.9230000000000001E-2","1.8620000000000001E-2","1.6830000000000001E-2","1.6379999999999999E-2","1.542E-2","1.4619999999999999E-2","1.4829999999999999E-2","1.5949999999999999E-2","1.746E-2","1.8800000000000001E-2","1.9630000000000002E-2","2.29E-2","2.6499999999999999E-2","3.0630000000000001E-2","5.1369999999999999E-2","0.2283","0.4496","0.53059999999999996","0.86","0.91049999999999998","0.92390000000000005","0.91149999999999998","1","1.0425","1.0628","1.0913999999999999","1.1220000000000001","1.1778","1.2005999999999999","1.2581","1.2527999999999999","1.2861","1.3237000000000001","1.3912","1.4958","1.5845","1.6533","1.6863999999999999","1.7201","1.742","1.7908999999999999","1.8819999999999999","1.9761","2.0871","2.3035999999999999","2.7515000000000001","3.2239","3.7565","4.4363999999999999","4.9885999999999999","5.7736999999999998","6.9945000000000004","8.3025000000000002","9.6594999999999995","11.1073","12.282400000000001","13.3386","14.1523","14.8058","15.5395","16.566500000000001","17.577100000000002","18.703600000000002","19.715399999999999","20.543399999999998","21.351700000000001","22.495200000000001","23.372499999999999","23.7774","24.204799999999999","24.587299999999999","25.217099999999999","25.891999999999999","26.521899999999999","27.174199999999999","27.714099999999998","28.186499999999999","28.748899999999999","29.2438","30.188600000000001","30.413499999999999","30.885899999999999","31.719799999999999","32.677300000000002","33.047899999999998","33.109699999999997","33.078800000000001","33.045699999999997","33.409599999999998","33.773499999999999","33.938899999999997","33.839599999999997"
"1952","3.4009999999999999E-3","3.4220000000000001E-3","3.3219999999999999E-3","3.2309999999999999E-3","3.1770000000000001E-3","3.2100000000000002E-3","3.2889999999999998E-3","3.4220000000000001E-3","3.4429999999999999E-3","3.493E-3","3.5999999999999999E-3","4.0689999999999997E-3","4.3140000000000001E-3","4.4180000000000001E-3","4.4180000000000001E-3","4.0029999999999996E-3","4.1650000000000003E-3","4.0109999999999998E-3","3.9610000000000001E-3","4.1060000000000003E-3","3.8409999999999998E-3","3.7499999999999999E-3","3.6289999999999998E-3","3.5590000000000001E-3","3.6380000000000002E-3","3.6340000000000001E-3","3.6250000000000002E-3","3.6709999999999998E-3","3.7330000000000002E-3","3.8660000000000001E-3","3.8530000000000001E-3","3.82E-3","3.7369999999999999E-3","3.7209999999999999E-3","3.7000000000000002E-3","3.6830000000000001E-3","3.6749999999999999E-3","3.7000000000000002E-3","3.6419999999999998E-3","3.6579999999999998E-3","3.663E-3","3.6380000000000002E-3","3.7460000000000002E-3","3.7910000000000001E-3","3.7950000000000002E-3","3.8660000000000001E-3","4.0480000000000004E-3","4.0070000000000001E-3","3.895E-3","4.0029999999999996E-3","4.1019999999999997E-3","4.1399999999999996E-3","4.1479999999999998E-3","4.1479999999999998E-3","4.4380000000000001E-3","5.5539999999999999E-3","7.8560000000000001E-3","1.095E-2","1.112E-2","1.461E-2","1.729E-2","1.7180000000000001E-2","1.7090000000000001E-2","1.7690000000000001E-2","1.9869999999999999E-2","2.1430000000000001E-2","1.959E-2","1.8159999999999999E-2","1.8450000000000001E-2","1.787E-2","1.6140000000000002E-2","1.5720000000000001E-2","1.4789999999999999E-2","1.4019999999999999E-2","1.422E-2","1.5299999999999999E-2","1.6750000000000001E-2","1.8030000000000001E-2","1.883E-2","2.197E-2","2.5420000000000002E-2","2.938E-2","4.9279999999999997E-2","0.219","0.43130000000000002","0.50900000000000001","0.82489999999999997","0.87339999999999995","0.88619999999999999","0.87429999999999997","0.95920000000000005","1","1.0195000000000001","1.0468999999999999","1.0763","1.1297999999999999","1.1516","1.2068000000000001","1.2018","1.2337","1.2697000000000001","1.3345","1.4348000000000001","1.5199","1.5859000000000001","1.6176999999999999","1.65","1.671","1.718","1.8052999999999999","1.8956","2.0021","2.2097000000000002","2.6394000000000002","3.0924999999999998","3.6034000000000002","4.2556000000000003","4.7853000000000003","5.5384000000000002","6.7095000000000002","7.9641999999999999","9.2658000000000005","10.6547","11.7819","12.795","13.5755","14.202500000000001","14.9062","15.891400000000001","16.860800000000001","17.941400000000002","18.911899999999999","19.706199999999999","20.4816","21.578499999999998","22.42","22.808399999999999","23.218399999999999","23.5853","24.189499999999999","24.8368","25.440999999999999","26.066800000000001","26.584700000000002","27.037800000000001","27.577300000000001","28.052","28.958300000000001","29.174099999999999","29.627199999999998","30.427199999999999","31.345600000000001","31.7011","31.760400000000001","31.730799999999999","31.699000000000002","32.048099999999998","32.397100000000002","32.555799999999998","32.460599999999999"
"1953","3.336E-3","3.3570000000000002E-3","3.2590000000000002E-3","3.1700000000000001E-3","3.117E-3","3.1489999999999999E-3","3.2260000000000001E-3","3.3570000000000002E-3","3.3769999999999998E-3","3.4259999999999998E-3","3.532E-3","3.9909999999999998E-3","4.2310000000000004E-3","4.333E-3","4.333E-3","3.9259999999999998E-3","4.0850000000000001E-3","3.934E-3","3.8860000000000001E-3","4.0280000000000003E-3","3.7680000000000001E-3","3.6779999999999998E-3","3.5599999999999998E-3","3.4910000000000002E-3","3.568E-3","3.5639999999999999E-3","3.5560000000000001E-3","3.601E-3","3.6619999999999999E-3","3.7919999999999998E-3","3.7799999999999999E-3","3.7469999999999999E-3","3.666E-3","3.65E-3","3.6289999999999998E-3","3.6129999999999999E-3","3.6050000000000001E-3","3.6289999999999998E-3","3.5720000000000001E-3","3.5890000000000002E-3","3.5929999999999998E-3","3.568E-3","3.6740000000000002E-3","3.7190000000000001E-3","3.7230000000000002E-3","3.7919999999999998E-3","3.9709999999999997E-3","3.9300000000000003E-3","3.8210000000000002E-3","3.9259999999999998E-3","4.0239999999999998E-3","4.0610000000000004E-3","4.0689999999999997E-3","4.0689999999999997E-3","4.3540000000000002E-3","5.4479999999999997E-3","7.7060000000000002E-3","1.0749999999999999E-2","1.091E-2","1.4330000000000001E-2","1.6959999999999999E-2","1.686E-2","1.6760000000000001E-2","1.7350000000000001E-2","1.949E-2","2.102E-2","1.9220000000000001E-2","1.7809999999999999E-2","1.8100000000000002E-2","1.7520000000000001E-2","1.583E-2","1.542E-2","1.4500000000000001E-2","1.376E-2","1.3950000000000001E-2","1.5010000000000001E-2","1.643E-2","1.7690000000000001E-2","1.847E-2","2.155E-2","2.494E-2","2.8819999999999998E-2","4.8340000000000001E-2","0.21479999999999999","0.42309999999999998","0.49930000000000002","0.80920000000000003","0.85670000000000002","0.86929999999999996","0.85760000000000003","0.94089999999999996","0.98089999999999999","1","1.0268999999999999","1.0557000000000001","1.1082000000000001","1.1295999999999999","1.1838","1.1788000000000001","1.2101","1.2455000000000001","1.3089999999999999","1.4074","1.4908999999999999","1.5556000000000001","1.5868","1.6185","1.6391","1.6851","1.7707999999999999","1.8593999999999999","1.9638","2.1675","2.5889000000000002","3.0333999999999999","3.5346000000000002","4.1742999999999997","4.6939000000000002","5.4325999999999999","6.5814000000000004","7.8121","9.0889000000000006","10.4512","11.556900000000001","12.550599999999999","13.3162","13.9312","14.621499999999999","15.587899999999999","16.538799999999998","17.598700000000001","18.550699999999999","19.329799999999999","20.090399999999999","21.1663","21.991800000000001","22.372800000000002","22.774999999999999","23.134799999999998","23.727499999999999","24.362500000000001","24.955100000000002","25.568899999999999","26.076899999999998","26.5214","27.050599999999999","27.516200000000001","28.405200000000001","28.616900000000001","29.061399999999999","29.846","30.747","31.095700000000001","31.1538","31.1248","31.093599999999999","31.436","31.778400000000001","31.934000000000001","31.840599999999998"
"1954","3.2490000000000002E-3","3.2690000000000002E-3","3.1740000000000002E-3","3.0869999999999999E-3","3.0349999999999999E-3","3.0669999999999998E-3","3.1419999999999998E-3","3.2690000000000002E-3","3.2889999999999998E-3","3.336E-3","3.4390000000000002E-3","3.8869999999999998E-3","4.1209999999999997E-3","4.2199999999999998E-3","4.2199999999999998E-3","3.823E-3","3.9779999999999998E-3","3.8310000000000002E-3","3.784E-3","3.9230000000000003E-3","3.669E-3","3.5820000000000001E-3","3.467E-3","3.3999999999999998E-3","3.4749999999999998E-3","3.4710000000000001E-3","3.4629999999999999E-3","3.5070000000000001E-3","3.5660000000000002E-3","3.6930000000000001E-3","3.6809999999999998E-3","3.6489999999999999E-3","3.5699999999999998E-3","3.5539999999999999E-3","3.5339999999999998E-3","3.5179999999999999E-3","3.5100000000000001E-3","3.5339999999999998E-3","3.4789999999999999E-3","3.4949999999999998E-3","3.4989999999999999E-3","3.4749999999999998E-3","3.578E-3","3.6210000000000001E-3","3.6250000000000002E-3","3.6930000000000001E-3","3.8670000000000002E-3","3.8270000000000001E-3","3.7200000000000002E-3","3.823E-3","3.9189999999999997E-3","3.954E-3","3.9620000000000002E-3","3.9620000000000002E-3","4.2399999999999998E-3","5.3049999999999998E-3","7.5040000000000003E-3","1.0460000000000001E-2","1.0619999999999999E-2","1.396E-2","1.651E-2","1.6420000000000001E-2","1.6320000000000001E-2","1.6889999999999999E-2","1.898E-2","2.0469999999999999E-2","1.8720000000000001E-2","1.7350000000000001E-2","1.762E-2","1.7069999999999998E-2","1.542E-2","1.5010000000000001E-2","1.413E-2","1.34E-2","1.359E-2","1.461E-2","1.6E-2","1.7219999999999999E-2","1.7979999999999999E-2","2.0990000000000002E-2","2.4279999999999999E-2","2.8070000000000001E-2","4.7070000000000001E-2","0.2092","0.41199999999999998","0.48620000000000002","0.78800000000000003","0.83430000000000004","0.84650000000000003","0.83520000000000005","0.9163","0.95520000000000005","0.9738","1","1.0281","1.0791999999999999","1.1001000000000001","1.1528","1.1479999999999999","1.1783999999999999","1.2129000000000001","1.2746999999999999","1.3706","1.4518","1.5148999999999999","1.5451999999999999","1.5761000000000001","1.5962000000000001","1.641","1.7244999999999999","1.8107","1.9124000000000001","2.1107","2.5211999999999999","2.9540000000000002","3.4420000000000002","4.0650000000000004","4.5709999999999997","5.2904","6.4089999999999998","7.6074999999999999","8.8508999999999993","10.1776","11.254300000000001","12.222","12.967599999999999","13.5665","14.2387","15.1798","16.105699999999999","17.138000000000002","18.065000000000001","18.823699999999999","19.564399999999999","20.612200000000001","21.416","21.787099999999999","22.178699999999999","22.5291","23.106200000000001","23.724599999999999","24.3017","24.8995","25.394200000000001","25.827000000000002","26.342400000000001","26.7958","27.6615","27.867699999999999","28.3005","29.064599999999999","29.9419","30.281500000000001","30.338100000000001","30.309799999999999","30.279499999999999","30.6129","30.946300000000001","31.097899999999999","31.007000000000001"
"1955","3.16E-3","3.1800000000000001E-3","3.0869999999999999E-3","3.0019999999999999E-3","2.9520000000000002E-3","2.983E-3","3.0560000000000001E-3","3.1800000000000001E-3","3.199E-3","3.2450000000000001E-3","3.3449999999999999E-3","3.7810000000000001E-3","4.0080000000000003E-3","4.104E-3","4.104E-3","3.7190000000000001E-3","3.869E-3","3.7269999999999998E-3","3.6809999999999998E-3","3.8149999999999998E-3","3.5690000000000001E-3","3.4840000000000001E-3","3.372E-3","3.307E-3","3.3800000000000002E-3","3.3760000000000001E-3","3.3679999999999999E-3","3.411E-3","3.4689999999999999E-3","3.5920000000000001E-3","3.5799999999999998E-3","3.5500000000000002E-3","3.4719999999999998E-3","3.457E-3","3.4380000000000001E-3","3.4220000000000001E-3","3.4150000000000001E-3","3.4380000000000001E-3","3.3839999999999999E-3","3.3990000000000001E-3","3.4030000000000002E-3","3.3800000000000002E-3","3.48E-3","3.5230000000000001E-3","3.5260000000000001E-3","3.5920000000000001E-3","3.761E-3","3.7230000000000002E-3","3.6189999999999998E-3","3.7190000000000001E-3","3.8119999999999999E-3","3.846E-3","3.8539999999999998E-3","3.8539999999999998E-3","4.1240000000000001E-3","5.1599999999999997E-3","7.2989999999999999E-3","1.018E-2","1.0330000000000001E-2","1.358E-2","1.6060000000000001E-2","1.5970000000000002E-2","1.5869999999999999E-2","1.643E-2","1.8460000000000001E-2","1.9910000000000001E-2","1.821E-2","1.687E-2","1.7139999999999999E-2","1.66E-2","1.4999999999999999E-2","1.46E-2","1.374E-2","1.303E-2","1.3220000000000001E-2","1.421E-2","1.5559999999999999E-2","1.6750000000000001E-2","1.7489999999999999E-2","2.0410000000000001E-2","2.3619999999999999E-2","2.7300000000000001E-2","4.5789999999999997E-2","0.20349999999999999","0.4007","0.47289999999999999","0.76649999999999996","0.8115","0.82340000000000002","0.81240000000000001","0.89129999999999998","0.92910000000000004","0.94720000000000004","0.97270000000000001","1","1.0498000000000001","1.07","1.1213","1.1166","1.1463000000000001","1.1798","1.2399","1.3331","1.4121999999999999","1.4735","1.5029999999999999","1.5330999999999999","1.5526","1.5962000000000001","1.6774","1.7612000000000001","1.8602000000000001","2.0531000000000001","2.4523000000000001","2.8733","3.3479999999999999","3.9540000000000002","4.4462000000000002","5.1459000000000001","6.234","7.3997999999999999","8.6091999999999995","9.8996999999999993","10.946999999999999","11.888299999999999","12.6135","13.196","13.8499","14.7653","15.666","16.670000000000002","17.5717","18.309699999999999","19.030200000000001","20.049299999999999","20.831299999999999","21.1922","21.5731","21.913900000000002","22.475300000000001","23.076799999999999","23.638200000000001","24.2196","24.700800000000001","25.1218","25.623100000000001","26.0641","26.906199999999998","27.1067","27.527699999999999","28.271000000000001","29.124400000000001","29.454699999999999","29.509699999999999","29.482199999999999","29.4527","29.777000000000001","30.101299999999998","30.248799999999999","30.160299999999999"
"1956","3.0100000000000001E-3","3.029E-3","2.941E-3","2.8600000000000001E-3","2.8119999999999998E-3","2.8419999999999999E-3","2.911E-3","3.029E-3","3.0469999999999998E-3","3.091E-3","3.1870000000000002E-3","3.6020000000000002E-3","3.8180000000000002E-3","3.9100000000000003E-3","3.9100000000000003E-3","3.5430000000000001E-3","3.686E-3","3.5500000000000002E-3","3.506E-3","3.6350000000000002E-3","3.3999999999999998E-3","3.3189999999999999E-3","3.212E-3","3.15E-3","3.2200000000000002E-3","3.2160000000000001E-3","3.209E-3","3.2490000000000002E-3","3.3040000000000001E-3","3.4220000000000001E-3","3.411E-3","3.3809999999999999E-3","3.3080000000000002E-3","3.2929999999999999E-3","3.2750000000000001E-3","3.2599999999999999E-3","3.2529999999999998E-3","3.2750000000000001E-3","3.2230000000000002E-3","3.238E-3","3.2420000000000001E-3","3.2200000000000002E-3","3.3149999999999998E-3","3.356E-3","3.359E-3","3.4220000000000001E-3","3.5829999999999998E-3","3.5460000000000001E-3","3.447E-3","3.5430000000000001E-3","3.6310000000000001E-3","3.6640000000000002E-3","3.6709999999999998E-3","3.6709999999999998E-3","3.9280000000000001E-3","4.9160000000000002E-3","6.953E-3","9.6959999999999998E-3","9.8429999999999993E-3","1.2930000000000001E-2","1.5299999999999999E-2","1.521E-2","1.512E-2","1.5650000000000001E-2","1.7590000000000001E-2","1.8970000000000001E-2","1.7340000000000001E-2","1.6070000000000001E-2","1.6330000000000001E-2","1.5810000000000001E-2","1.4290000000000001E-2","1.391E-2","1.3089999999999999E-2","1.2409999999999999E-2","1.259E-2","1.354E-2","1.482E-2","1.5959999999999998E-2","1.6660000000000001E-2","1.9449999999999999E-2","2.2499999999999999E-2","2.6009999999999998E-2","4.3619999999999999E-2","0.1938","0.38169999999999998","0.45050000000000001","0.73009999999999997","0.77310000000000001","0.78439999999999999","0.77390000000000003","0.84899999999999998","0.8851","0.90229999999999999","0.92659999999999998","0.9526","1","1.0193000000000001","1.0681","1.0637000000000001","1.0919000000000001","1.1237999999999999","1.1812","1.2699","1.3452","1.4036999999999999","1.4318","1.4603999999999999","1.4790000000000001","1.5206","1.5979000000000001","1.6778","1.772","1.9558","2.3361000000000001","2.7370999999999999","3.1892999999999998","3.7665999999999999","4.2354000000000003","4.9020000000000001","5.9385000000000003","7.0491000000000001","8.2011000000000003","9.4304000000000006","10.428100000000001","11.3248","12.015599999999999","12.570499999999999","13.1934","14.0654","14.923400000000001","15.879799999999999","16.738800000000001","17.4419","18.1282","19.099","19.843900000000001","20.1876","20.5505","20.8752","21.41","21.983000000000001","22.517700000000001","23.0716","23.53","23.931000000000001","24.4085","24.828700000000001","25.6309","25.821899999999999","26.222899999999999","26.930900000000001","27.7439","28.058499999999999","28.111000000000001","28.084800000000001","28.056699999999999","28.365600000000001","28.674499999999998","28.815000000000001","28.730699999999999"
"1957","2.9529999999999999E-3","2.9710000000000001E-3","2.885E-3","2.8059999999999999E-3","2.7590000000000002E-3","2.7880000000000001E-3","2.856E-3","2.9710000000000001E-3","2.9889999999999999E-3","3.0330000000000001E-3","3.1259999999999999E-3","3.5330000000000001E-3","3.7460000000000002E-3","3.836E-3","3.836E-3","3.4759999999999999E-3","3.6159999999999999E-3","3.483E-3","3.4399999999999999E-3","3.5660000000000002E-3","3.3349999999999999E-3","3.2560000000000002E-3","3.1519999999999999E-3","3.0899999999999999E-3","3.1589999999999999E-3","3.1549999999999998E-3","3.1480000000000002E-3","3.1879999999999999E-3","3.2420000000000001E-3","3.3570000000000002E-3","3.346E-3","3.3170000000000001E-3","3.2450000000000001E-3","3.2309999999999999E-3","3.2130000000000001E-3","3.1979999999999999E-3","3.1909999999999998E-3","3.2130000000000001E-3","3.1619999999999999E-3","3.1770000000000001E-3","3.1800000000000001E-3","3.1589999999999999E-3","3.2520000000000001E-3","3.2919999999999998E-3","3.2959999999999999E-3","3.3570000000000002E-3","3.5149999999999999E-3","3.4789999999999999E-3","3.382E-3","3.4759999999999999E-3","3.5620000000000001E-3","3.5950000000000001E-3","3.6020000000000002E-3","3.6020000000000002E-3","3.8539999999999998E-3","4.823E-3","6.8219999999999999E-3","9.5119999999999996E-3","9.6559999999999997E-3","1.269E-2","1.5010000000000001E-2","1.4919999999999999E-2","1.4840000000000001E-2","1.536E-2","1.7250000000000001E-2","1.8610000000000002E-2","1.7010000000000001E-2","1.5769999999999999E-2","1.602E-2","1.5509999999999999E-2","1.401E-2","1.3650000000000001E-2","1.2840000000000001E-2","1.218E-2","1.235E-2","1.328E-2","1.4540000000000001E-2","1.566E-2","1.635E-2","1.908E-2","2.2079999999999999E-2","2.5510000000000001E-2","4.2790000000000002E-2","0.19020000000000001","0.3745","0.442","0.71630000000000005","0.75839999999999996","0.76949999999999996","0.75919999999999999","0.83289999999999997","0.86829999999999996","0.88519999999999999","0.90900000000000003","0.93459999999999999","0.98109999999999997","1","1.0479000000000001","1.0435000000000001","1.0711999999999999","1.1026","1.1588000000000001","1.2459","1.3198000000000001","1.3771","1.4047000000000001","1.4327000000000001","1.4510000000000001","1.4917","1.5676000000000001","1.6459999999999999","1.7384999999999999","1.9187000000000001","2.2917999999999998","2.6852999999999998","3.1288999999999998","3.6951999999999998","4.1551999999999998","4.8090999999999999","5.8259999999999996","6.9154999999999998","8.0457999999999998","9.2517999999999994","10.230499999999999","11.110300000000001","11.788","12.3324","12.9434","13.7989","14.640700000000001","15.579000000000001","16.421700000000001","17.1114","17.784700000000001","18.737200000000001","19.4679","19.805199999999999","20.161200000000001","20.479700000000001","21.0044","21.566500000000001","22.091100000000001","22.634499999999999","23.084199999999999","23.477699999999999","23.946100000000001","24.3583","25.145299999999999","25.332699999999999","25.726099999999999","26.4207","27.2182","27.527000000000001","27.578399999999998","27.552700000000002","27.525099999999998","27.828199999999999","28.1313","28.269100000000002","28.186399999999999"
"1958","2.8180000000000002E-3","2.836E-3","2.7529999999999998E-3","2.6770000000000001E-3","2.6329999999999999E-3","2.66E-3","2.7260000000000001E-3","2.836E-3","2.8530000000000001E-3","2.8939999999999999E-3","2.983E-3","3.372E-3","3.5750000000000001E-3","3.6600000000000001E-3","3.6600000000000001E-3","3.3170000000000001E-3","3.4510000000000001E-3","3.3240000000000001E-3","3.2820000000000002E-3","3.4030000000000002E-3","3.1830000000000001E-3","3.107E-3","3.0070000000000001E-3","2.9489999999999998E-3","3.0140000000000002E-3","3.0109999999999998E-3","3.0040000000000002E-3","3.042E-3","3.0929999999999998E-3","3.2030000000000001E-3","3.1930000000000001E-3","3.166E-3","3.0969999999999999E-3","3.0829999999999998E-3","3.0660000000000001E-3","3.052E-3","3.045E-3","3.0660000000000001E-3","3.0179999999999998E-3","3.032E-3","3.0349999999999999E-3","3.0140000000000002E-3","3.104E-3","3.1410000000000001E-3","3.1449999999999998E-3","3.2030000000000001E-3","3.3549999999999999E-3","3.32E-3","3.2269999999999998E-3","3.3170000000000001E-3","3.3990000000000001E-3","3.4299999999999999E-3","3.437E-3","3.437E-3","3.6779999999999998E-3","4.6020000000000002E-3","6.5100000000000002E-3","9.077E-3","9.2149999999999992E-3","1.2109999999999999E-2","1.4330000000000001E-2","1.4239999999999999E-2","1.4160000000000001E-2","1.4659999999999999E-2","1.6459999999999999E-2","1.7760000000000001E-2","1.6240000000000001E-2","1.5049999999999999E-2","1.529E-2","1.4800000000000001E-2","1.337E-2","1.302E-2","1.225E-2","1.162E-2","1.179E-2","1.268E-2","1.388E-2","1.494E-2","1.5599999999999999E-2","1.821E-2","2.1069999999999998E-2","2.435E-2","4.0829999999999998E-2","0.18149999999999999","0.3574","0.42180000000000001","0.6835","0.72370000000000001","0.73429999999999995","0.72450000000000003","0.79490000000000005","0.8286","0.8448","0.86750000000000005","0.89180000000000004","0.93620000000000003","0.95430000000000004","1","0.99580000000000002","1.0223","1.0521","1.1057999999999999","1.1889000000000001","1.2594000000000001","1.3141","1.3404","1.3672","1.3847","1.4235","1.4959","1.5707","1.659","1.831","2.1869999999999998","2.5625","2.9859","3.5263","3.9651999999999998","4.5892999999999997","5.5597000000000003","6.5993000000000004","7.6779000000000002","8.8287999999999993","9.7628000000000004","10.6023","11.249000000000001","11.7685","12.351699999999999","13.168100000000001","13.971299999999999","14.8667","15.6709","16.3291","16.971599999999999","17.880500000000001","18.5778","18.899699999999999","19.2394","19.543399999999998","20.044","20.580500000000001","21.081099999999999","21.599599999999999","22.0288","22.404299999999999","22.851299999999998","23.244700000000002","23.9956","24.174399999999999","24.549900000000001","25.212800000000001","25.973800000000001","26.2684","26.317499999999999","26.292999999999999","26.2667","26.555900000000001","26.845099999999999","26.976600000000001","26.8977"
"1959","2.8300000000000001E-3","2.8470000000000001E-3","2.7650000000000001E-3","2.689E-3","2.6440000000000001E-3","2.6710000000000002E-3","2.7369999999999998E-3","2.8470000000000001E-3","2.8649999999999999E-3","2.9060000000000002E-3","2.996E-3","3.3860000000000001E-3","3.5899999999999999E-3","3.676E-3","3.676E-3","3.3310000000000002E-3","3.4650000000000002E-3","3.3379999999999998E-3","3.2959999999999999E-3","3.4169999999999999E-3","3.1960000000000001E-3","3.1199999999999999E-3","3.0200000000000001E-3","2.9610000000000001E-3","3.0270000000000002E-3","3.0240000000000002E-3","3.0170000000000002E-3","3.055E-3","3.1059999999999998E-3","3.2169999999999998E-3","3.2060000000000001E-3","3.179E-3","3.1099999999999999E-3","3.0959999999999998E-3","3.0790000000000001E-3","3.065E-3","3.058E-3","3.0790000000000001E-3","3.0300000000000001E-3","3.0439999999999998E-3","3.0479999999999999E-3","3.0270000000000002E-3","3.117E-3","3.1549999999999998E-3","3.1580000000000002E-3","3.2169999999999998E-3","3.369E-3","3.3340000000000002E-3","3.241E-3","3.3310000000000002E-3","3.4139999999999999E-3","3.4450000000000001E-3","3.4520000000000002E-3","3.4520000000000002E-3","3.6930000000000001E-3","4.6220000000000002E-3","6.5370000000000003E-3","9.1149999999999998E-3","9.2540000000000001E-3","1.2160000000000001E-2","1.439E-2","1.43E-2","1.422E-2","1.472E-2","1.653E-2","1.7829999999999999E-2","1.6299999999999999E-2","1.511E-2","1.5350000000000001E-2","1.487E-2","1.3429999999999999E-2","1.308E-2","1.23E-2","1.167E-2","1.184E-2","1.273E-2","1.393E-2","1.4999999999999999E-2","1.567E-2","1.8280000000000001E-2","2.1149999999999999E-2","2.445E-2","4.1000000000000002E-2","0.1822","0.3589","0.42359999999999998","0.68640000000000001","0.7268","0.73740000000000006","0.72750000000000004","0.79820000000000002","0.83209999999999995","0.84830000000000005","0.87109999999999999","0.89559999999999995","0.94010000000000005","0.95830000000000004","1.0042","1","1.0266","1.0566","1.1104000000000001","1.1939","1.2646999999999999","1.3196000000000001","1.3461000000000001","1.373","1.3905000000000001","1.4295","1.5022","1.5772999999999999","1.6658999999999999","1.8387","2.1962000000000002","2.5733000000000001","2.9984000000000002","3.5411000000000001","3.9819","4.6085000000000003","5.5830000000000002","6.6271000000000004","7.7102000000000004","8.8658000000000001","9.8038000000000007","10.646800000000001","11.2963","11.818","12.403600000000001","13.2234","14.03","14.9292","15.736700000000001","16.3977","17.042899999999999","17.9556","18.655899999999999","18.979099999999999","19.3202","19.625499999999999","20.1282","20.666899999999998","21.169699999999999","21.6904","22.121300000000002","22.4984","22.947299999999998","23.342300000000002","24.096399999999999","24.276","24.653099999999998","25.3187","26.082899999999999","26.378799999999998","26.428100000000001","26.403400000000001","26.376999999999999","26.6675","26.957899999999999","27.0899","27.0107"
"1960","2.7569999999999999E-3","2.774E-3","2.6930000000000001E-3","2.6189999999999998E-3","2.575E-3","2.6020000000000001E-3","2.666E-3","2.774E-3","2.7910000000000001E-3","2.8310000000000002E-3","2.918E-3","3.2980000000000002E-3","3.4970000000000001E-3","3.581E-3","3.581E-3","3.2450000000000001E-3","3.3760000000000001E-3","3.251E-3","3.2109999999999999E-3","3.3289999999999999E-3","3.1129999999999999E-3","3.039E-3","2.9420000000000002E-3","2.885E-3","2.9489999999999998E-3","2.9450000000000001E-3","2.9390000000000002E-3","2.9759999999999999E-3","3.026E-3","3.1340000000000001E-3","3.124E-3","3.0969999999999999E-3","3.029E-3","3.016E-3","2.9989999999999999E-3","2.9859999999999999E-3","2.9789999999999999E-3","2.9989999999999999E-3","2.9520000000000002E-3","2.9650000000000002E-3","2.9689999999999999E-3","2.9489999999999998E-3","3.0360000000000001E-3","3.0730000000000002E-3","3.0760000000000002E-3","3.1340000000000001E-3","3.2820000000000002E-3","3.248E-3","3.1570000000000001E-3","3.2450000000000001E-3","3.3249999999999998E-3","3.356E-3","3.362E-3","3.362E-3","3.5980000000000001E-3","4.5019999999999999E-3","6.3680000000000004E-3","8.8800000000000007E-3","9.0139999999999994E-3","1.1849999999999999E-2","1.401E-2","1.393E-2","1.3849999999999999E-2","1.434E-2","1.6109999999999999E-2","1.737E-2","1.5879999999999998E-2","1.472E-2","1.4959999999999999E-2","1.448E-2","1.308E-2","1.274E-2","1.1990000000000001E-2","1.137E-2","1.153E-2","1.24E-2","1.357E-2","1.4619999999999999E-2","1.5259999999999999E-2","1.7809999999999999E-2","2.061E-2","2.3820000000000001E-2","3.9940000000000003E-2","0.17749999999999999","0.34960000000000002","0.41260000000000002","0.66869999999999996","0.70799999999999996","0.71840000000000004","0.7087","0.77749999999999997","0.81059999999999999","0.82640000000000002","0.84860000000000002","0.87239999999999995","0.91579999999999995","0.9335","0.97819999999999996","0.97409999999999997","1","1.0291999999999999","1.0817000000000001","1.163","1.232","1.2855000000000001","1.3111999999999999","1.3374999999999999","1.3545","1.3925000000000001","1.4633","1.5365","1.6228","1.7910999999999999","2.1394000000000002","2.5066999999999999","2.9207999999999998","3.4495","3.8788999999999998","4.4893000000000001","5.4386000000000001","6.4555999999999996","7.5106999999999999","8.6364999999999998","9.5502000000000002","10.3714","11.004099999999999","11.5123","12.082700000000001","12.8813","13.667","14.542999999999999","15.329599999999999","15.9735","16.602","17.491099999999999","18.173300000000001","18.488099999999999","18.820399999999999","19.117799999999999","19.607500000000002","20.132300000000001","20.622","21.129300000000001","21.549099999999999","21.916399999999999","22.3536","22.738499999999998","23.473099999999999","23.648","24.0153","24.663699999999999","25.408200000000001","25.696400000000001","25.744399999999999","25.720400000000001","25.694700000000001","25.977599999999999","26.2605","26.389099999999999","26.312000000000001"
"1961","2.679E-3","2.6949999999999999E-3","2.617E-3","2.545E-3","2.5019999999999999E-3","2.5279999999999999E-3","2.591E-3","2.6949999999999999E-3","2.7109999999999999E-3","2.751E-3","2.836E-3","3.2049999999999999E-3","3.3969999999999998E-3","3.4789999999999999E-3","3.4789999999999999E-3","3.1519999999999999E-3","3.2799999999999999E-3","3.1589999999999999E-3","3.1199999999999999E-3","3.2339999999999999E-3","3.0249999999999999E-3","2.9529999999999999E-3","2.8579999999999999E-3","2.8029999999999999E-3","2.8649999999999999E-3","2.862E-3","2.8549999999999999E-3","2.8909999999999999E-3","2.9399999999999999E-3","3.045E-3","3.0349999999999999E-3","3.009E-3","2.9429999999999999E-3","2.9299999999999999E-3","2.9139999999999999E-3","2.9009999999999999E-3","2.8939999999999999E-3","2.9139999999999999E-3","2.8679999999999999E-3","2.8809999999999999E-3","2.885E-3","2.8649999999999999E-3","2.9499999999999999E-3","2.9859999999999999E-3","2.9889999999999999E-3","3.045E-3","3.1879999999999999E-3","3.156E-3","3.0669999999999998E-3","3.1519999999999999E-3","3.2309999999999999E-3","3.2599999999999999E-3","3.2669999999999999E-3","3.2669999999999999E-3","3.4949999999999998E-3","4.3740000000000003E-3","6.1869999999999998E-3","8.6269999999999993E-3","8.7580000000000002E-3","1.1509999999999999E-2","1.362E-2","1.353E-2","1.346E-2","1.393E-2","1.5650000000000001E-2","1.6879999999999999E-2","1.5429999999999999E-2","1.43E-2","1.453E-2","1.4069999999999999E-2","1.2710000000000001E-2","1.238E-2","1.1650000000000001E-2","1.1039999999999999E-2","1.12E-2","1.205E-2","1.319E-2","1.4200000000000001E-2","1.4829999999999999E-2","1.7299999999999999E-2","2.002E-2","2.3140000000000001E-2","3.8809999999999997E-2","0.17249999999999999","0.3397","0.40089999999999998","0.64970000000000006","0.68789999999999996","0.69799999999999995","0.68859999999999999","0.75549999999999995","0.78759999999999997","0.80289999999999995","0.82450000000000001","0.84760000000000002","0.88980000000000004","0.90700000000000003","0.95040000000000002","0.94650000000000001","0.97160000000000002","1","1.0509999999999999","1.1299999999999999","1.1970000000000001","1.2490000000000001","1.274","1.2995000000000001","1.3160000000000001","1.353","1.4218","1.4928999999999999","1.5768","1.7403","2.0785999999999998","2.4355000000000002","2.8378999999999999","3.3515000000000001","3.7686999999999999","4.3617999999999997","5.2840999999999996","6.2723000000000004","7.2973999999999997","8.3911999999999995","9.2789000000000001","10.0768","10.6915","11.1853","11.7395","12.5154","13.2789","14.129899999999999","14.894299999999999","15.5198","16.130500000000001","16.994399999999999","17.6571","17.963000000000001","18.285900000000002","18.5748","19.050699999999999","19.560500000000001","20.036300000000001","20.529199999999999","20.937000000000001","21.293900000000001","21.718800000000002","22.092700000000001","22.8064","22.976400000000002","23.333200000000001","23.963200000000001","24.686599999999999","24.9666","25.013200000000001","24.989899999999999","24.9649","25.239799999999999","25.514700000000001","25.639600000000002","25.564699999999998"
"1962","2.5490000000000001E-3","2.5639999999999999E-3","2.49E-3","2.421E-3","2.3809999999999999E-3","2.4060000000000002E-3","2.4650000000000002E-3","2.5639999999999999E-3","2.5799999999999998E-3","2.617E-3","2.6979999999999999E-3","3.0490000000000001E-3","3.2330000000000002E-3","3.31E-3","3.31E-3","2.9989999999999999E-3","3.1210000000000001E-3","3.006E-3","2.9680000000000002E-3","3.0769999999999999E-3","2.8779999999999999E-3","2.81E-3","2.7200000000000002E-3","2.6670000000000001E-3","2.7260000000000001E-3","2.7230000000000002E-3","2.7169999999999998E-3","2.751E-3","2.797E-3","2.8969999999999998E-3","2.8879999999999999E-3","2.8630000000000001E-3","2.8010000000000001E-3","2.7880000000000001E-3","2.7729999999999999E-3","2.7599999999999999E-3","2.7539999999999999E-3","2.7729999999999999E-3","2.7290000000000001E-3","2.7409999999999999E-3","2.745E-3","2.7260000000000001E-3","2.807E-3","2.8410000000000002E-3","2.8440000000000002E-3","2.8969999999999998E-3","3.0339999999999998E-3","3.003E-3","2.9190000000000002E-3","2.9989999999999999E-3","3.0739999999999999E-3","3.1020000000000002E-3","3.1080000000000001E-3","3.1080000000000001E-3","3.326E-3","4.1619999999999999E-3","5.8869999999999999E-3","8.2089999999999993E-3","8.3330000000000001E-3","1.095E-2","1.2959999999999999E-2","1.2880000000000001E-2","1.2800000000000001E-2","1.325E-2","1.489E-2","1.6060000000000001E-2","1.468E-2","1.3610000000000001E-2","1.383E-2","1.3390000000000001E-2","1.209E-2","1.1780000000000001E-2","1.108E-2","1.051E-2","1.0659999999999999E-2","1.146E-2","1.255E-2","1.3509999999999999E-2","1.4109999999999999E-2","1.6459999999999999E-2","1.9050000000000001E-2","2.2020000000000001E-2","3.6929999999999998E-2","0.1641","0.32319999999999999","0.38140000000000002","0.61809999999999998","0.65449999999999997","0.66410000000000002","0.6552","0.71879999999999999","0.74929999999999997","0.76390000000000002","0.78449999999999998","0.80649999999999999","0.84660000000000002","0.86299999999999999","0.90429999999999999","0.90049999999999997","0.92449999999999999","0.95150000000000001","1","1.0751999999999999","1.1389","1.1883999999999999","1.2121999999999999","1.2363999999999999","1.2522","1.2873000000000001","1.3528","1.4204000000000001","1.5002","1.6557999999999999","1.9778","2.3172999999999999","2.7002000000000002","3.1888999999999998","3.5857999999999999","4.1501999999999999","5.0277000000000003","5.9679000000000002","6.9432999999999998","7.984","8.8286999999999995","9.5878999999999994","10.172700000000001","10.6425","11.1699","11.908099999999999","12.634499999999999","13.4443","14.1715","14.7667","15.3477","16.169699999999999","16.8003","17.0914","17.398599999999998","17.673500000000001","18.126200000000001","18.6113","19.0641","19.533000000000001","19.921099999999999","20.2606","20.664899999999999","21.020600000000002","21.6997","21.8614","22.201000000000001","22.8004","23.488600000000002","23.755099999999999","23.799499999999998","23.7773","23.753499999999999","24.015000000000001","24.276599999999998","24.395499999999998","24.324100000000001"
"1963","2.3709999999999998E-3","2.385E-3","2.3159999999999999E-3","2.2520000000000001E-3","2.2139999999999998E-3","2.238E-3","2.2920000000000002E-3","2.385E-3","2.3990000000000001E-3","2.434E-3","2.5089999999999999E-3","2.836E-3","3.0070000000000001E-3","3.0790000000000001E-3","3.0790000000000001E-3","2.7899999999999999E-3","2.9020000000000001E-3","2.7959999999999999E-3","2.761E-3","2.862E-3","2.6770000000000001E-3","2.6129999999999999E-3","2.5300000000000001E-3","2.48E-3","2.5349999999999999E-3","2.532E-3","2.5270000000000002E-3","2.5579999999999999E-3","2.6020000000000001E-3","2.6940000000000002E-3","2.686E-3","2.663E-3","2.6050000000000001E-3","2.5929999999999998E-3","2.5790000000000001E-3","2.5669999999999998E-3","2.5609999999999999E-3","2.5790000000000001E-3","2.5379999999999999E-3","2.5500000000000002E-3","2.5530000000000001E-3","2.5349999999999999E-3","2.6099999999999999E-3","2.6419999999999998E-3","2.6450000000000002E-3","2.6940000000000002E-3","2.8219999999999999E-3","2.7929999999999999E-3","2.715E-3","2.7899999999999999E-3","2.859E-3","2.885E-3","2.8909999999999999E-3","2.8909999999999999E-3","3.0929999999999998E-3","3.8709999999999999E-3","5.4749999999999998E-3","7.6350000000000003E-3","7.7510000000000001E-3","1.018E-2","1.205E-2","1.1979999999999999E-2","1.191E-2","1.2330000000000001E-2","1.3849999999999999E-2","1.494E-2","1.366E-2","1.2659999999999999E-2","1.286E-2","1.2449999999999999E-2","1.125E-2","1.095E-2","1.031E-2","9.7739999999999997E-3","9.9129999999999999E-3","1.0659999999999999E-2","1.167E-2","1.257E-2","1.312E-2","1.5310000000000001E-2","1.772E-2","2.0480000000000002E-2","3.4340000000000002E-2","0.15260000000000001","0.30059999999999998","0.3548","0.57489999999999997","0.60870000000000002","0.61770000000000003","0.60940000000000005","0.66859999999999997","0.69699999999999995","0.71050000000000002","0.72960000000000003","0.75009999999999999","0.78739999999999999","0.80259999999999998","0.84109999999999996","0.83760000000000001","0.85980000000000001","0.88500000000000001","0.93010000000000004","1","1.0592999999999999","1.1052999999999999","1.1274","1.1499999999999999","1.1646000000000001","1.1973","1.2582","1.3210999999999999","1.3954","1.5401","1.8394999999999999","2.1553","2.5114000000000001","2.9660000000000002","3.3351000000000002","3.86","4.6761999999999997","5.5507","6.4579000000000004","7.4259000000000004","8.2114999999999991","8.9176000000000002","9.4614999999999991","9.8985000000000003","10.388999999999999","11.0756","11.751200000000001","12.5044","13.1808","13.734400000000001","14.274800000000001","15.039300000000001","15.6258","15.8965","16.182200000000002","16.437899999999999","16.859000000000002","17.310199999999998","17.731300000000001","18.167400000000001","18.528400000000001","18.844200000000001","19.220199999999998","19.550999999999998","20.182700000000001","20.333100000000002","20.648900000000001","21.206399999999999","21.846499999999999","22.0943","22.1356","22.114999999999998","22.0929","22.336099999999998","22.5794","22.69","22.6236"
"1964","2.238E-3","2.2520000000000001E-3","2.186E-3","2.1259999999999999E-3","2.0899999999999998E-3","2.1120000000000002E-3","2.1640000000000001E-3","2.2520000000000001E-3","2.2650000000000001E-3","2.2980000000000001E-3","2.369E-3","2.6770000000000001E-3","2.8379999999999998E-3","2.9060000000000002E-3","2.9060000000000002E-3","2.6340000000000001E-3","2.7399999999999998E-3","2.6389999999999999E-3","2.6059999999999998E-3","2.702E-3","2.5270000000000002E-3","2.467E-3","2.3879999999999999E-3","2.3419999999999999E-3","2.3930000000000002E-3","2.3909999999999999E-3","2.385E-3","2.415E-3","2.4559999999999998E-3","2.5439999999999998E-3","2.5349999999999999E-3","2.5140000000000002E-3","2.4589999999999998E-3","2.4480000000000001E-3","2.434E-3","2.4229999999999998E-3","2.418E-3","2.434E-3","2.3960000000000001E-3","2.4069999999999999E-3","2.4099999999999998E-3","2.3930000000000002E-3","2.464E-3","2.4940000000000001E-3","2.4970000000000001E-3","2.5439999999999998E-3","2.6640000000000001E-3","2.6359999999999999E-3","2.5630000000000002E-3","2.6340000000000001E-3","2.699E-3","2.7239999999999999E-3","2.7290000000000001E-3","2.7290000000000001E-3","2.9199999999999999E-3","3.6540000000000001E-3","5.169E-3","7.208E-3","7.3169999999999997E-3","9.6150000000000003E-3","1.137E-2","1.1310000000000001E-2","1.124E-2","1.1639999999999999E-2","1.307E-2","1.41E-2","1.289E-2","1.1950000000000001E-2","1.214E-2","1.175E-2","1.0619999999999999E-2","1.034E-2","9.7289999999999998E-3","9.2270000000000008E-3","9.358E-3","1.0059999999999999E-2","1.102E-2","1.1860000000000001E-2","1.239E-2","1.4460000000000001E-2","1.6729999999999998E-2","1.933E-2","3.2419999999999997E-2","0.14410000000000001","0.2838","0.33489999999999998","0.54279999999999995","0.57469999999999999","0.58309999999999995","0.57530000000000003","0.63109999999999999","0.65790000000000004","0.67079999999999995","0.68879999999999997","0.70809999999999995","0.74339999999999995","0.75770000000000004","0.79400000000000004","0.79069999999999996","0.81169999999999998","0.83540000000000003","0.878","0.94399999999999995","1","1.0434000000000001","1.0643","1.0855999999999999","1.0994999999999999","1.1303000000000001","1.1878","1.2472000000000001","1.3172999999999999","1.4539","1.7364999999999999","2.0347","2.3708","2.7999000000000001","3.1484999999999999","3.6440000000000001","4.4145000000000003","5.24","6.0964","7.0102000000000002","7.7518000000000002","8.4184000000000001","8.9319000000000006","9.3444000000000003","9.8074999999999992","10.4557","11.093500000000001","11.804500000000001","12.443","12.9656","13.4758","14.1974","14.751099999999999","15.0067","15.2765","15.517799999999999","15.9153","16.3413","16.738800000000001","17.150500000000001","17.491299999999999","17.789400000000001","18.144300000000001","18.456700000000001","19.053000000000001","19.195","19.493099999999998","20.019400000000001","20.623699999999999","20.857600000000001","20.896599999999999","20.877099999999999","20.856200000000001","21.085899999999999","21.3155","21.419899999999998","21.357299999999999"
"1965","2.1450000000000002E-3","2.1580000000000002E-3","2.0950000000000001E-3","2.0370000000000002E-3","2.003E-3","2.0240000000000002E-3","2.0739999999999999E-3","2.1580000000000002E-3","2.1710000000000002E-3","2.202E-3","2.2699999999999999E-3","2.5660000000000001E-3","2.7200000000000002E-3","2.7850000000000001E-3","2.7850000000000001E-3","2.5240000000000002E-3","2.6259999999999999E-3","2.529E-3","2.4979999999999998E-3","2.5890000000000002E-3","2.4220000000000001E-3","2.3640000000000002E-3","2.2889999999999998E-3","2.2439999999999999E-3","2.294E-3","2.2910000000000001E-3","2.2859999999999998E-3","2.3149999999999998E-3","2.3540000000000002E-3","2.4380000000000001E-3","2.4299999999999999E-3","2.4090000000000001E-3","2.3570000000000002E-3","2.346E-3","2.333E-3","2.323E-3","2.317E-3","2.333E-3","2.2959999999999999E-3","2.307E-3","2.3089999999999999E-3","2.294E-3","2.362E-3","2.3909999999999999E-3","2.3930000000000002E-3","2.4380000000000001E-3","2.5530000000000001E-3","2.5270000000000002E-3","2.4559999999999998E-3","2.5240000000000002E-3","2.5869999999999999E-3","2.6099999999999999E-3","2.6150000000000001E-3","2.6150000000000001E-3","2.7989999999999998E-3","3.5019999999999999E-3","4.9540000000000001E-3","6.9069999999999999E-3","7.012E-3","9.214E-3","1.09E-2","1.0840000000000001E-2","1.077E-2","1.115E-2","1.2529999999999999E-2","1.3509999999999999E-2","1.2359999999999999E-2","1.145E-2","1.163E-2","1.1259999999999999E-2","1.018E-2","9.9100000000000004E-3","9.3240000000000007E-3","8.8430000000000002E-3","8.9680000000000003E-3","9.6460000000000001E-3","1.056E-2","1.137E-2","1.187E-2","1.3849999999999999E-2","1.6029999999999999E-2","1.8530000000000001E-2","3.107E-2","0.1381","0.27200000000000002","0.32100000000000001","0.5202","0.55069999999999997","0.55879999999999996","0.55130000000000001","0.60489999999999999","0.63060000000000005","0.64280000000000004","0.66010000000000002","0.67859999999999998","0.71240000000000003","0.72619999999999996","0.76100000000000001","0.75780000000000003","0.77790000000000004","0.80059999999999998","0.84150000000000003","0.90469999999999995","0.95840000000000003","1","1.02","1.0404","1.0537000000000001","1.0832999999999999","1.1383000000000001","1.1953","1.2624","1.3933","1.6642999999999999","1.95","2.2721","2.6833999999999998","3.0173999999999999","3.4923000000000002","4.2306999999999997","5.0217999999999998","5.8426","6.7183000000000002","7.4291","8.0678999999999998","8.5601000000000003","8.9553999999999991","9.3991000000000007","10.0204","10.631600000000001","11.313000000000001","11.924899999999999","12.425800000000001","12.9147","13.606400000000001","14.137","14.3819","14.6404","14.8718","15.252700000000001","15.6609","16.041899999999998","16.436499999999999","16.763000000000002","17.0488","17.3889","17.688300000000002","18.259699999999999","18.395800000000001","18.6815","19.1859","19.7651","19.9892","20.026599999999998","20.007899999999999","19.9879","20.207999999999998","20.428100000000001","20.528099999999998","20.4681"
"1966","2.1029999999999998E-3","2.1150000000000001E-3","2.0539999999999998E-3","1.9970000000000001E-3","1.964E-3","1.9849999999999998E-3","2.0330000000000001E-3","2.1150000000000001E-3","2.1280000000000001E-3","2.1589999999999999E-3","2.2260000000000001E-3","2.5149999999999999E-3","2.6670000000000001E-3","2.7309999999999999E-3","2.7309999999999999E-3","2.4740000000000001E-3","2.5739999999999999E-3","2.48E-3","2.4489999999999998E-3","2.539E-3","2.3739999999999998E-3","2.3180000000000002E-3","2.2439999999999999E-3","2.2000000000000001E-3","2.2490000000000001E-3","2.2460000000000002E-3","2.2409999999999999E-3","2.2690000000000002E-3","2.3080000000000002E-3","2.3900000000000002E-3","2.382E-3","2.362E-3","2.31E-3","2.3E-3","2.287E-3","2.2769999999999999E-3","2.2720000000000001E-3","2.287E-3","2.251E-3","2.2620000000000001E-3","2.264E-3","2.2490000000000001E-3","2.3149999999999998E-3","2.3440000000000002E-3","2.346E-3","2.3900000000000002E-3","2.503E-3","2.477E-3","2.408E-3","2.4740000000000001E-3","2.5360000000000001E-3","2.5590000000000001E-3","2.5639999999999999E-3","2.5639999999999999E-3","2.7439999999999999E-3","3.4329999999999999E-3","4.8570000000000002E-3","6.7720000000000002E-3","6.8739999999999999E-3","9.0340000000000004E-3","1.069E-2","1.0619999999999999E-2","1.056E-2","1.093E-2","1.2279999999999999E-2","1.325E-2","1.2109999999999999E-2","1.123E-2","1.141E-2","1.1039999999999999E-2","9.9769999999999998E-3","9.7160000000000007E-3","9.1409999999999998E-3","8.6689999999999996E-3","8.7919999999999995E-3","9.4570000000000001E-3","1.035E-2","1.115E-2","1.1639999999999999E-2","1.358E-2","1.5720000000000001E-2","1.8159999999999999E-2","3.0460000000000001E-2","0.13539999999999999","0.2666","0.31469999999999998","0.50990000000000002","0.53990000000000005","0.54779999999999995","0.54049999999999998","0.59299999999999997","0.61819999999999997","0.63019999999999998","0.6472","0.6653","0.69840000000000002","0.71189999999999998","0.746","0.7429","0.76259999999999994","0.78490000000000004","0.82499999999999996","0.88700000000000001","0.93959999999999999","0.98040000000000005","1","1.02","1.0329999999999999","1.0620000000000001","1.1160000000000001","1.1718","1.2376","1.3660000000000001","1.6315999999999999","1.9117","2.2275","2.6307","2.9582000000000002","3.4237000000000002","4.1477000000000004","4.9233000000000002","5.7279","6.5865","7.2832999999999997","7.9096000000000002","8.3920999999999992","8.7797000000000001","9.2147000000000006","9.8237000000000005","10.423","11.090999999999999","11.690899999999999","12.182","12.661300000000001","13.339399999999999","13.8596","14.0997","14.3531","14.5799","14.9534","15.3536","15.7271","16.113900000000001","16.434100000000001","16.714200000000002","17.047699999999999","17.341200000000001","17.901399999999999","18.034800000000001","18.314900000000002","18.8094","19.377199999999998","19.597000000000001","19.633600000000001","19.615300000000001","19.595700000000001","19.811499999999999","20.027200000000001","20.125299999999999","20.066500000000001"
"1967","2.0609999999999999E-3","2.0739999999999999E-3","2.0140000000000002E-3","1.9580000000000001E-3","1.926E-3","1.946E-3","1.9940000000000001E-3","2.0739999999999999E-3","2.0869999999999999E-3","2.117E-3","2.1819999999999999E-3","2.4659999999999999E-3","2.614E-3","2.6770000000000001E-3","2.6770000000000001E-3","2.4260000000000002E-3","2.5240000000000002E-3","2.431E-3","2.4009999999999999E-3","2.4889999999999999E-3","2.3280000000000002E-3","2.2729999999999998E-3","2.2000000000000001E-3","2.1570000000000001E-3","2.2049999999999999E-3","2.202E-3","2.1970000000000002E-3","2.225E-3","2.2620000000000001E-3","2.343E-3","2.3349999999999998E-3","2.3149999999999998E-3","2.2650000000000001E-3","2.2550000000000001E-3","2.2420000000000001E-3","2.232E-3","2.2269999999999998E-3","2.2420000000000001E-3","2.2070000000000002E-3","2.2169999999999998E-3","2.2200000000000002E-3","2.2049999999999999E-3","2.2699999999999999E-3","2.2980000000000001E-3","2.3E-3","2.343E-3","2.454E-3","2.428E-3","2.3609999999999998E-3","2.4260000000000002E-3","2.4859999999999999E-3","2.5089999999999999E-3","2.5140000000000002E-3","2.5140000000000002E-3","2.6900000000000001E-3","3.3660000000000001E-3","4.7609999999999996E-3","6.6389999999999999E-3","6.7400000000000003E-3","8.8559999999999993E-3","1.048E-2","1.0410000000000001E-2","1.035E-2","1.072E-2","1.204E-2","1.299E-2","1.188E-2","1.1010000000000001E-2","1.1180000000000001E-2","1.0829999999999999E-2","9.7809999999999998E-3","9.5250000000000005E-3","8.9619999999999995E-3","8.4989999999999996E-3","8.6199999999999992E-3","9.2709999999999997E-3","1.0149999999999999E-2","1.093E-2","1.141E-2","1.332E-2","1.541E-2","1.7809999999999999E-2","2.9860000000000001E-2","0.13270000000000001","0.26140000000000002","0.3085","0.49990000000000001","0.52929999999999999","0.53710000000000002","0.52990000000000004","0.58140000000000003","0.60609999999999997","0.6179","0.63449999999999995","0.65229999999999999","0.68469999999999998","0.69799999999999995","0.73140000000000005","0.72829999999999995","0.74770000000000003","0.76949999999999996","0.80879999999999996","0.86960000000000004","0.92110000000000003","0.96120000000000005","0.98040000000000005","1","1.0126999999999999","1.0411999999999999","1.0941000000000001","1.1488","1.2134","1.3391999999999999","1.5995999999999999","1.8742000000000001","2.1839","2.5790999999999999","2.9001999999999999","3.3565999999999998","4.0663","4.8268000000000004","5.6155999999999997","6.4573999999999998","7.1405000000000003","7.7545000000000002","8.2274999999999991","8.6074999999999999","9.0340000000000007","9.6311","10.2186","10.8735","11.4617","11.943099999999999","12.413","13.0778","13.5878","13.8232","14.0717","14.294","14.6602","15.0525","15.418699999999999","15.798","16.111799999999999","16.386500000000002","16.7134","17.001100000000001","17.5504","17.6812","17.9558","18.4406","18.997299999999999","19.212700000000002","19.2486","19.230699999999999","19.211400000000001","19.422999999999998","19.634499999999999","19.730699999999999","19.672999999999998"
"1968","2.0349999999999999E-3","2.0479999999999999E-3","1.9880000000000002E-3","1.934E-3","1.9009999999999999E-3","1.921E-3","1.9680000000000001E-3","2.0479999999999999E-3","2.0600000000000002E-3","2.0899999999999998E-3","2.1549999999999998E-3","2.4350000000000001E-3","2.5820000000000001E-3","2.6440000000000001E-3","2.6440000000000001E-3","2.395E-3","2.4919999999999999E-3","2.3999999999999998E-3","2.3709999999999998E-3","2.457E-3","2.2989999999999998E-3","2.2439999999999999E-3","2.1719999999999999E-3","2.1299999999999999E-3","2.1770000000000001E-3","2.1740000000000002E-3","2.1689999999999999E-3","2.1970000000000002E-3","2.2339999999999999E-3","2.313E-3","2.3059999999999999E-3","2.2859999999999998E-3","2.2360000000000001E-3","2.2269999999999998E-3","2.2139999999999998E-3","2.2039999999999998E-3","2.199E-3","2.2139999999999998E-3","2.1789999999999999E-3","2.189E-3","2.1919999999999999E-3","2.1770000000000001E-3","2.2409999999999999E-3","2.2690000000000002E-3","2.271E-3","2.313E-3","2.4229999999999998E-3","2.398E-3","2.3310000000000002E-3","2.395E-3","2.4550000000000002E-3","2.477E-3","2.4819999999999998E-3","2.4819999999999998E-3","2.6559999999999999E-3","3.3240000000000001E-3","4.7010000000000003E-3","6.5560000000000002E-3","6.6550000000000003E-3","8.7449999999999993E-3","1.035E-2","1.0279999999999999E-2","1.022E-2","1.0580000000000001E-2","1.189E-2","1.2829999999999999E-2","1.1730000000000001E-2","1.0869999999999999E-2","1.1039999999999999E-2","1.069E-2","9.6579999999999999E-3","9.4050000000000002E-3","8.8489999999999992E-3","8.3920000000000002E-3","8.5120000000000005E-3","9.1540000000000007E-3","1.0019999999999999E-2","1.0789999999999999E-2","1.1270000000000001E-2","1.315E-2","1.521E-2","1.7579999999999998E-2","2.9489999999999999E-2","0.13100000000000001","0.2581","0.30459999999999998","0.49370000000000003","0.52270000000000005","0.53029999999999999","0.5232","0.57399999999999995","0.59840000000000004","0.61009999999999998","0.62649999999999995","0.64410000000000001","0.67610000000000003","0.68920000000000003","0.72219999999999995","0.71919999999999995","0.73829999999999996","0.75990000000000002","0.79859999999999998","0.85860000000000003","0.90949999999999998","0.94910000000000005","0.96809999999999996","0.98740000000000006","1","1.0281","1.0803","1.1344000000000001","1.1980999999999999","1.3223","1.5794999999999999","1.8506","2.1564000000000001","2.5467","2.8637000000000001","3.3142999999999998","4.0152000000000001","4.766","5.5449000000000002","6.3761000000000001","7.0506000000000002","7.6569000000000003","8.1240000000000006","8.4992000000000001","8.9202999999999992","9.5099","10.09","10.736700000000001","11.317500000000001","11.7928","12.2568","12.9132","13.4168","13.6493","13.894600000000001","14.114100000000001","14.4757","14.863099999999999","15.2247","15.5992","15.9091","16.180299999999999","16.5031","16.787199999999999","17.329499999999999","17.4587","17.729800000000001","18.208500000000001","18.758199999999999","18.9709","19.006399999999999","18.988700000000001","18.9697","19.1785","19.3874","19.482399999999998","19.4254"
"1969","1.98E-3","1.9919999999999998E-3","1.934E-3","1.8810000000000001E-3","1.8489999999999999E-3","1.869E-3","1.915E-3","1.9919999999999998E-3","2.0040000000000001E-3","2.0330000000000001E-3","2.0960000000000002E-3","2.369E-3","2.5110000000000002E-3","2.5709999999999999E-3","2.5709999999999999E-3","2.33E-3","2.4239999999999999E-3","2.3349999999999998E-3","2.3059999999999999E-3","2.3900000000000002E-3","2.2360000000000001E-3","2.183E-3","2.1129999999999999E-3","2.0720000000000001E-3","2.117E-3","2.1150000000000001E-3","2.1099999999999999E-3","2.137E-3","2.173E-3","2.2499999999999998E-3","2.2430000000000002E-3","2.2239999999999998E-3","2.1749999999999999E-3","2.166E-3","2.1540000000000001E-3","2.1440000000000001E-3","2.1389999999999998E-3","2.1540000000000001E-3","2.1199999999999999E-3","2.1299999999999999E-3","2.1320000000000002E-3","2.117E-3","2.1800000000000001E-3","2.2070000000000002E-3","2.209E-3","2.2499999999999998E-3","2.3570000000000002E-3","2.3319999999999999E-3","2.2669999999999999E-3","2.33E-3","2.3879999999999999E-3","2.4099999999999998E-3","2.4139999999999999E-3","2.4139999999999999E-3","2.5829999999999998E-3","3.2330000000000002E-3","4.5729999999999998E-3","6.3769999999999999E-3","6.4729999999999996E-3","8.5059999999999997E-3","1.0059999999999999E-2","0.01","9.9450000000000007E-3","1.03E-2","1.157E-2","1.248E-2","1.141E-2","1.057E-2","1.074E-2","1.04E-2","9.3950000000000006E-3","9.1479999999999999E-3","8.6079999999999993E-3","8.1630000000000001E-3","8.2789999999999999E-3","8.9049999999999997E-3","9.7470000000000005E-3","1.0500000000000001E-2","1.0959999999999999E-2","1.2789999999999999E-2","1.4800000000000001E-2","1.7100000000000001E-2","2.8680000000000001E-2","0.1275","0.25109999999999999","0.29630000000000001","0.48020000000000002","0.50839999999999996","0.51590000000000003","0.50890000000000002","0.55840000000000001","0.58209999999999995","0.59340000000000004","0.60940000000000005","0.62649999999999995","0.65769999999999995","0.6704","0.70250000000000001","0.69950000000000001","0.71809999999999996","0.73909999999999998","0.77680000000000005","0.83520000000000005","0.88470000000000004","0.92310000000000003","0.94159999999999999","0.96050000000000002","0.97270000000000001","1","1.0508","1.1033999999999999","1.1654","1.2862","1.5363","1.8001","2.0975000000000001","2.4771000000000001","2.7854999999999999","3.2238000000000002","3.9055","4.6359000000000004","5.3935000000000004","6.202","6.8581000000000003","7.4478","7.9021999999999997","8.2670999999999992","8.6767000000000003","9.2501999999999995","9.8145000000000007","10.4435","11.0084","11.470800000000001","11.9221","12.560600000000001","13.0504","13.2765","13.5152","13.7287","14.080399999999999","14.4572","14.8089","15.1732","15.474600000000001","15.7384","16.052399999999999","16.328800000000001","16.856300000000001","16.9819","17.245699999999999","17.711300000000001","18.245899999999999","18.4529","18.487400000000001","18.470099999999999","18.451699999999999","18.654800000000002","18.858000000000001","18.950399999999998","18.8949"
"1970","1.884E-3","1.8959999999999999E-3","1.8400000000000001E-3","1.7899999999999999E-3","1.7600000000000001E-3","1.7780000000000001E-3","1.8220000000000001E-3","1.8959999999999999E-3","1.9070000000000001E-3","1.9350000000000001E-3","1.9940000000000001E-3","2.2539999999999999E-3","2.3900000000000002E-3","2.447E-3","2.447E-3","2.2169999999999998E-3","2.307E-3","2.222E-3","2.1940000000000002E-3","2.2750000000000001E-3","2.1280000000000001E-3","2.0769999999999999E-3","2.0100000000000001E-3","1.9710000000000001E-3","2.0149999999999999E-3","2.013E-3","2.0079999999999998E-3","2.0330000000000001E-3","2.068E-3","2.1410000000000001E-3","2.134E-3","2.1159999999999998E-3","2.0699999999999998E-3","2.0609999999999999E-3","2.049E-3","2.0400000000000001E-3","2.036E-3","2.049E-3","2.0170000000000001E-3","2.0270000000000002E-3","2.029E-3","2.0149999999999999E-3","2.075E-3","2.0999999999999999E-3","2.1020000000000001E-3","2.1410000000000001E-3","2.2420000000000001E-3","2.2200000000000002E-3","2.1570000000000001E-3","2.2169999999999998E-3","2.2720000000000001E-3","2.2929999999999999E-3","2.2980000000000001E-3","2.2980000000000001E-3","2.4580000000000001E-3","3.0769999999999999E-3","4.352E-3","6.0679999999999996E-3","6.1599999999999997E-3","8.0949999999999998E-3","9.5770000000000004E-3","9.5189999999999997E-3","9.4640000000000002E-3","9.7970000000000002E-3","1.1010000000000001E-2","1.187E-2","1.085E-2","1.0059999999999999E-2","1.022E-2","9.8960000000000003E-3","8.94E-3","8.7060000000000002E-3","8.1910000000000004E-3","7.7679999999999997E-3","7.8790000000000006E-3","8.4740000000000006E-3","9.2759999999999995E-3","9.9880000000000004E-3","1.043E-2","1.217E-2","1.4080000000000001E-2","1.6279999999999999E-2","2.7300000000000001E-2","0.12130000000000001","0.2389","0.28199999999999997","0.45689999999999997","0.48380000000000001","0.4909","0.48430000000000001","0.53139999999999998","0.55389999999999995","0.56469999999999998","0.57989999999999997","0.59619999999999995","0.62580000000000002","0.63790000000000002","0.66849999999999998","0.66569999999999996","0.68340000000000001","0.70330000000000004","0.73919999999999997","0.79479999999999995","0.84189999999999998","0.87849999999999995","0.89610000000000001","0.91400000000000003","0.92559999999999998","0.9516","1","1.05","1.109","1.224","1.462","1.7130000000000001","1.996","2.3573","2.6507000000000001","3.0678999999999998","3.7166000000000001","4.4115000000000002","5.1326000000000001","5.9019000000000004","6.5263","7.0875000000000004","7.5198","7.8670999999999998","8.2568999999999999","8.8026","9.3396000000000008","9.9382000000000001","10.4758","10.915699999999999","11.3452","11.9528","12.419","12.6341","12.8612","13.064399999999999","13.399100000000001","13.7577","14.0924","14.439","14.725899999999999","14.976900000000001","15.275700000000001","15.5387","16.040700000000001","16.1602","16.411200000000001","16.854299999999999","17.363099999999999","17.559999999999999","17.5928","17.5764","17.558900000000001","17.752199999999998","17.945499999999999","18.0334","17.980699999999999"
"1971","1.794E-3","1.805E-3","1.753E-3","1.7049999999999999E-3","1.676E-3","1.694E-3","1.735E-3","1.805E-3","1.8159999999999999E-3","1.8420000000000001E-3","1.8990000000000001E-3","2.147E-3","2.2759999999999998E-3","2.33E-3","2.33E-3","2.1120000000000002E-3","2.1970000000000002E-3","2.1159999999999998E-3","2.0899999999999998E-3","2.166E-3","2.026E-3","1.9780000000000002E-3","1.915E-3","1.877E-3","1.9189999999999999E-3","1.9170000000000001E-3","1.913E-3","1.9369999999999999E-3","1.9689999999999998E-3","2.039E-3","2.0330000000000001E-3","2.0149999999999999E-3","1.9719999999999998E-3","1.9629999999999999E-3","1.952E-3","1.9430000000000001E-3","1.939E-3","1.952E-3","1.921E-3","1.9300000000000001E-3","1.9319999999999999E-3","1.9189999999999999E-3","1.9759999999999999E-3","2E-3","2.0019999999999999E-3","2.039E-3","2.1359999999999999E-3","2.114E-3","2.055E-3","2.1120000000000002E-3","2.1640000000000001E-3","2.1840000000000002E-3","2.1879999999999998E-3","2.1879999999999998E-3","2.3410000000000002E-3","2.9299999999999999E-3","4.1440000000000001E-3","5.7790000000000003E-3","5.8669999999999998E-3","7.7089999999999997E-3","9.1199999999999996E-3","9.0659999999999994E-3","9.0130000000000002E-3","9.3310000000000008E-3","1.048E-2","1.1310000000000001E-2","1.034E-2","9.58E-3","9.7330000000000003E-3","9.4249999999999994E-3","8.5140000000000007E-3","8.2909999999999998E-3","7.8009999999999998E-3","7.3980000000000001E-3","7.5030000000000001E-3","8.0700000000000008E-3","8.8339999999999998E-3","9.5119999999999996E-3","9.9319999999999999E-3","1.159E-2","1.341E-2","1.55E-2","2.5999999999999999E-2","0.11550000000000001","0.22750000000000001","0.26850000000000002","0.43519999999999998","0.46079999999999999","0.46750000000000003","0.4612","0.50600000000000001","0.52749999999999997","0.53779999999999994","0.55230000000000001","0.56779999999999997","0.59599999999999997","0.60750000000000004","0.63670000000000004","0.63400000000000001","0.65080000000000005","0.66979999999999995","0.70399999999999996","0.75690000000000002","0.80179999999999996","0.83660000000000001","0.85340000000000005","0.87050000000000005","0.88149999999999995","0.90629999999999999","0.95240000000000002","1","1.0562","1.1657","1.3924000000000001","1.6314","1.901","2.2450000000000001","2.5245000000000002","2.9218000000000002","3.5396000000000001","4.2015000000000002","4.8880999999999997","5.6208","6.2154999999999996","6.75","7.1616999999999997","7.4924999999999997","7.8636999999999997","8.3834999999999997","8.8948","9.4649000000000001","9.9769000000000005","10.395899999999999","10.805","11.383599999999999","11.8276","12.032500000000001","12.248799999999999","12.442299999999999","12.761100000000001","13.102600000000001","13.4213","13.7514","14.0246","14.2637","14.548299999999999","14.7987","15.2768","15.390700000000001","15.6297","16.0517","16.536300000000001","16.723800000000001","16.755099999999999","16.7394","16.7227","16.9068","17.091000000000001","17.174700000000001","17.124500000000001"
"1972","1.699E-3","1.709E-3","1.66E-3","1.614E-3","1.5870000000000001E-3","1.604E-3","1.6429999999999999E-3","1.709E-3","1.72E-3","1.7440000000000001E-3","1.7979999999999999E-3","2.032E-3","2.1549999999999998E-3","2.2060000000000001E-3","2.2060000000000001E-3","1.9989999999999999E-3","2.0799999999999998E-3","2.003E-3","1.9789999999999999E-3","2.0509999999999999E-3","1.918E-3","1.8730000000000001E-3","1.8129999999999999E-3","1.7780000000000001E-3","1.817E-3","1.815E-3","1.8109999999999999E-3","1.8339999999999999E-3","1.8649999999999999E-3","1.931E-3","1.9250000000000001E-3","1.908E-3","1.867E-3","1.8580000000000001E-3","1.848E-3","1.8400000000000001E-3","1.836E-3","1.848E-3","1.8190000000000001E-3","1.8270000000000001E-3","1.8289999999999999E-3","1.817E-3","1.8710000000000001E-3","1.8940000000000001E-3","1.8959999999999999E-3","1.931E-3","2.0219999999999999E-3","2.0010000000000002E-3","1.9449999999999999E-3","1.9989999999999999E-3","2.049E-3","2.068E-3","2.0720000000000001E-3","2.0720000000000001E-3","2.2169999999999998E-3","2.774E-3","3.9240000000000004E-3","5.4720000000000003E-3","5.555E-3","7.2989999999999999E-3","8.6350000000000003E-3","8.5830000000000004E-3","8.5339999999999999E-3","8.8339999999999998E-3","9.9240000000000005E-3","1.0710000000000001E-2","9.7870000000000006E-3","9.0699999999999999E-3","9.2149999999999992E-3","8.9230000000000004E-3","8.0610000000000005E-3","7.8499999999999993E-3","7.3860000000000002E-3","7.0049999999999999E-3","7.1040000000000001E-3","7.6410000000000002E-3","8.3639999999999999E-3","9.0060000000000001E-3","9.4039999999999992E-3","1.0970000000000001E-2","1.2699999999999999E-2","1.468E-2","2.461E-2","0.1094","0.21540000000000001","0.25419999999999998","0.41199999999999998","0.43630000000000002","0.44269999999999998","0.43669999999999998","0.47910000000000003","0.4995","0.50919999999999999","0.52290000000000003","0.53759999999999997","0.56430000000000002","0.57520000000000004","0.6028","0.60029999999999994","0.61619999999999997","0.63419999999999999","0.66659999999999997","0.7167","0.75919999999999999","0.79210000000000003","0.80800000000000005","0.82410000000000005","0.8347","0.85809999999999997","0.90169999999999995","0.94679999999999997","1","1.1036999999999999","1.3183","1.5446","1.7998000000000001","2.1255999999999999","2.3902000000000001","2.7663000000000002","3.3513000000000002","3.9780000000000002","4.6280999999999999","5.3217999999999996","5.8848000000000003","6.3909000000000002","6.7807000000000004","7.0938999999999997","7.4454000000000002","7.9375","8.4215999999999998","8.9613999999999994","9.4460999999999995","9.8429000000000002","10.2302","10.778","11.198399999999999","11.3924","11.597200000000001","11.7804","12.0822","12.4055","12.7073","13.0199","13.278499999999999","13.504899999999999","13.7743","14.0114","14.4641","14.571899999999999","14.7982","15.197800000000001","15.656499999999999","15.834099999999999","15.8637","15.8489","15.8331","16.007400000000001","16.181699999999999","16.260999999999999","16.2134"
"1973","1.539E-3","1.549E-3","1.5039999999999999E-3","1.462E-3","1.438E-3","1.4530000000000001E-3","1.4890000000000001E-3","1.549E-3","1.5579999999999999E-3","1.5809999999999999E-3","1.629E-3","1.841E-3","1.952E-3","1.9989999999999999E-3","1.9989999999999999E-3","1.8109999999999999E-3","1.885E-3","1.815E-3","1.7930000000000001E-3","1.8580000000000001E-3","1.738E-3","1.6969999999999999E-3","1.6429999999999999E-3","1.611E-3","1.6459999999999999E-3","1.6440000000000001E-3","1.6410000000000001E-3","1.6609999999999999E-3","1.689E-3","1.75E-3","1.7440000000000001E-3","1.7290000000000001E-3","1.691E-3","1.684E-3","1.6739999999999999E-3","1.6670000000000001E-3","1.663E-3","1.6739999999999999E-3","1.6479999999999999E-3","1.6559999999999999E-3","1.658E-3","1.6459999999999999E-3","1.6949999999999999E-3","1.7160000000000001E-3","1.7179999999999999E-3","1.75E-3","1.8320000000000001E-3","1.8129999999999999E-3","1.763E-3","1.8109999999999999E-3","1.856E-3","1.8730000000000001E-3","1.877E-3","1.877E-3","2.0089999999999999E-3","2.5140000000000002E-3","3.555E-3","4.9579999999999997E-3","5.0330000000000001E-3","6.613E-3","7.8239999999999994E-3","7.7770000000000001E-3","7.7320000000000002E-3","8.0040000000000007E-3","8.992E-3","9.6989999999999993E-3","8.8679999999999991E-3","8.2179999999999996E-3","8.3499999999999998E-3","8.0850000000000002E-3","7.3039999999999997E-3","7.1130000000000004E-3","6.692E-3","6.3470000000000002E-3","6.437E-3","6.9230000000000003E-3","7.5779999999999997E-3","8.1600000000000006E-3","8.5199999999999998E-3","9.9430000000000004E-3","1.1509999999999999E-2","1.3299999999999999E-2","2.23E-2","9.9099999999999994E-2","0.19520000000000001","0.23039999999999999","0.37330000000000002","0.39529999999999998","0.40110000000000001","0.3957","0.43409999999999999","0.4526","0.46139999999999998","0.4738","0.48709999999999998","0.51129999999999998","0.5212","0.54610000000000003","0.54390000000000005","0.55830000000000002","0.5746","0.60389999999999999","0.64929999999999999","0.68779999999999997","0.7177","0.73209999999999997","0.74670000000000003","0.75619999999999998","0.77749999999999997","0.81699999999999995","0.85780000000000001","0.90600000000000003","1","1.1943999999999999","1.3995","1.6307","1.9258999999999999","2.1656","2.5064000000000002","3.0364","3.6042000000000001","4.1932999999999998","4.8217999999999996","5.3319000000000001","5.7904","6.1436000000000002","6.4273999999999996","6.7458","7.1917","7.6303999999999998","8.1194000000000006","8.5586000000000002","8.9181000000000008","9.2690000000000001","9.7653999999999996","10.1462","10.321999999999999","10.5075","10.6736","10.946999999999999","11.24","11.513400000000001","11.7966","12.030900000000001","12.236000000000001","12.4802","12.695","13.1051","13.2028","13.4079","13.7699","14.185499999999999","14.346399999999999","14.373200000000001","14.3598","14.345499999999999","14.503399999999999","14.6614","14.7332","14.690099999999999"
"1974","1.289E-3","1.297E-3","1.2589999999999999E-3","1.224E-3","1.204E-3","1.2160000000000001E-3","1.2459999999999999E-3","1.297E-3","1.304E-3","1.323E-3","1.364E-3","1.542E-3","1.634E-3","1.6739999999999999E-3","1.6739999999999999E-3","1.5169999999999999E-3","1.578E-3","1.5200000000000001E-3","1.5009999999999999E-3","1.5560000000000001E-3","1.4549999999999999E-3","1.421E-3","1.3749999999999999E-3","1.348E-3","1.3780000000000001E-3","1.377E-3","1.374E-3","1.3910000000000001E-3","1.4139999999999999E-3","1.4649999999999999E-3","1.4599999999999999E-3","1.4469999999999999E-3","1.4159999999999999E-3","1.41E-3","1.402E-3","1.3960000000000001E-3","1.392E-3","1.402E-3","1.3799999999999999E-3","1.3860000000000001E-3","1.3879999999999999E-3","1.3780000000000001E-3","1.4189999999999999E-3","1.436E-3","1.438E-3","1.4649999999999999E-3","1.534E-3","1.518E-3","1.4760000000000001E-3","1.5169999999999999E-3","1.554E-3","1.5679999999999999E-3","1.572E-3","1.572E-3","1.6819999999999999E-3","2.104E-3","2.977E-3","4.1510000000000002E-3","4.2129999999999997E-3","5.5370000000000003E-3","6.5500000000000003E-3","6.5110000000000003E-3","6.4729999999999996E-3","6.7010000000000004E-3","7.528E-3","8.1200000000000005E-3","7.424E-3","6.8799999999999998E-3","6.9899999999999997E-3","6.7689999999999998E-3","6.1149999999999998E-3","5.9550000000000002E-3","5.6030000000000003E-3","5.313E-3","5.3889999999999997E-3","5.7959999999999999E-3","6.3439999999999998E-3","6.8320000000000004E-3","7.1329999999999996E-3","8.3250000000000008E-3","9.6319999999999999E-3","1.1129999999999999E-2","1.8669999999999999E-2","8.2970000000000002E-2","0.16339999999999999","0.19289999999999999","0.3125","0.33090000000000003","0.33579999999999999","0.33129999999999998","0.3634","0.37890000000000001","0.38629999999999998","0.39660000000000001","0.4078","0.42809999999999998","0.43630000000000002","0.4572","0.45529999999999998","0.46739999999999998","0.48110000000000003","0.50560000000000005","0.54359999999999997","0.57589999999999997","0.60089999999999999","0.6129","0.62519999999999998","0.6331","0.65090000000000003","0.68400000000000005","0.71819999999999995","0.75849999999999995","0.83720000000000006","1","1.1717","1.3653","1.6124000000000001","1.8130999999999999","2.0983999999999998","2.5421","3.0175000000000001","3.5106000000000002","4.0369000000000002","4.4638999999999998","4.8478000000000003","5.1435000000000004","5.3810000000000002","5.6477000000000004","6.0209999999999999","6.3882000000000003","6.7976999999999999","7.1654","7.4663000000000004","7.7601000000000004","8.1757000000000009","8.4945000000000004","8.6417000000000002","8.7970000000000006","8.9359999999999999","9.1648999999999994","9.4101999999999997","9.6390999999999991","9.8762000000000008","10.0724","10.2441","10.448499999999999","10.628399999999999","10.9717","11.0535","11.225199999999999","11.5283","11.876300000000001","12.010999999999999","12.0334","12.0222","12.010199999999999","12.1424","12.2746","12.3348","12.2987"
"1975","1.1000000000000001E-3","1.1069999999999999E-3","1.0740000000000001E-3","1.0449999999999999E-3","1.0269999999999999E-3","1.0380000000000001E-3","1.0640000000000001E-3","1.1069999999999999E-3","1.1130000000000001E-3","1.129E-3","1.1640000000000001E-3","1.3159999999999999E-3","1.395E-3","1.428E-3","1.428E-3","1.294E-3","1.3470000000000001E-3","1.297E-3","1.281E-3","1.328E-3","1.242E-3","1.2130000000000001E-3","1.1739999999999999E-3","1.1509999999999999E-3","1.176E-3","1.175E-3","1.1720000000000001E-3","1.1869999999999999E-3","1.207E-3","1.25E-3","1.2459999999999999E-3","1.235E-3","1.209E-3","1.2030000000000001E-3","1.196E-3","1.191E-3","1.188E-3","1.196E-3","1.178E-3","1.183E-3","1.1839999999999999E-3","1.176E-3","1.2110000000000001E-3","1.2260000000000001E-3","1.227E-3","1.25E-3","1.3090000000000001E-3","1.2960000000000001E-3","1.2589999999999999E-3","1.294E-3","1.3270000000000001E-3","1.3389999999999999E-3","1.341E-3","1.341E-3","1.4350000000000001E-3","1.7960000000000001E-3","2.5400000000000002E-3","3.542E-3","3.5959999999999998E-3","4.725E-3","5.5900000000000004E-3","5.5570000000000003E-3","5.5250000000000004E-3","5.7190000000000001E-3","6.4250000000000002E-3","6.9300000000000004E-3","6.3359999999999996E-3","5.8719999999999996E-3","5.9659999999999999E-3","5.777E-3","5.2189999999999997E-3","5.0819999999999997E-3","4.7819999999999998E-3","4.535E-3","4.5989999999999998E-3","4.947E-3","5.4149999999999997E-3","5.8310000000000002E-3","6.0879999999999997E-3","7.1050000000000002E-3","8.2209999999999991E-3","9.502E-3","1.593E-2","7.0809999999999998E-2","0.13950000000000001","0.1646","0.26669999999999999","0.28239999999999998","0.28660000000000002","0.28270000000000001","0.31019999999999998","0.32340000000000002","0.32969999999999999","0.33850000000000002","0.34799999999999998","0.36530000000000001","0.37240000000000001","0.39019999999999999","0.3886","0.39889999999999998","0.41060000000000002","0.43149999999999999","0.46400000000000002","0.49149999999999999","0.51280000000000003","0.52310000000000001","0.53359999999999996","0.54039999999999999","0.55549999999999999","0.58379999999999999","0.61299999999999999","0.64739999999999998","0.71450000000000002","0.85350000000000004","1","1.1652","1.3761000000000001","1.5474000000000001","1.7908999999999999","2.1696","2.5752999999999999","2.9962","3.4453","3.8098000000000001","4.1375000000000002","4.3898000000000001","4.5926","4.8201000000000001","5.1387","5.4522000000000004","5.8015999999999996","6.1154000000000002","6.3723000000000001","6.6230000000000002","6.9776999999999996","7.2497999999999996","7.3754","7.508","7.6265999999999998","7.8220000000000001","8.0313999999999997","8.2266999999999992","8.4291","8.5965000000000007","8.7431000000000001","8.9175000000000004","9.0709999999999997","9.3641000000000005","9.4338999999999995","9.5803999999999991","9.8391000000000002","10.136100000000001","10.250999999999999","10.270200000000001","10.2606","10.250400000000001","10.363200000000001","10.476100000000001","10.5274","10.496600000000001"
"1976","9.4390000000000001E-4","9.4970000000000005E-4","9.2199999999999997E-4","8.9669999999999995E-4","8.8179999999999997E-4","8.9099999999999997E-4","9.1279999999999996E-4","9.4970000000000005E-4","9.5540000000000002E-4","9.6920000000000003E-4","9.992E-4","1.129E-3","1.1969999999999999E-3","1.2260000000000001E-3","1.2260000000000001E-3","1.111E-3","1.1559999999999999E-3","1.1130000000000001E-3","1.0989999999999999E-3","1.14E-3","1.0660000000000001E-3","1.041E-3","1.0070000000000001E-3","9.8769999999999999E-4","1.01E-3","1.008E-3","1.0059999999999999E-3","1.0189999999999999E-3","1.036E-3","1.073E-3","1.0690000000000001E-3","1.06E-3","1.0369999999999999E-3","1.0330000000000001E-3","1.0269999999999999E-3","1.0219999999999999E-3","1.0200000000000001E-3","1.0269999999999999E-3","1.011E-3","1.0150000000000001E-3","1.016E-3","1.01E-3","1.039E-3","1.052E-3","1.0529999999999999E-3","1.073E-3","1.1230000000000001E-3","1.1119999999999999E-3","1.0809999999999999E-3","1.111E-3","1.1379999999999999E-3","1.1490000000000001E-3","1.1509999999999999E-3","1.1509999999999999E-3","1.232E-3","1.5410000000000001E-3","2.1800000000000001E-3","3.0400000000000002E-3","3.0860000000000002E-3","4.0549999999999996E-3","4.7980000000000002E-3","4.7689999999999998E-3","4.7410000000000004E-3","4.908E-3","5.5139999999999998E-3","5.9480000000000002E-3","5.4380000000000001E-3","5.0400000000000002E-3","5.1200000000000004E-3","4.9579999999999997E-3","4.4790000000000003E-3","4.3620000000000004E-3","4.104E-3","3.8920000000000001E-3","3.947E-3","4.2449999999999996E-3","4.6470000000000001E-3","5.0039999999999998E-3","5.2249999999999996E-3","6.097E-3","7.0549999999999996E-3","8.1550000000000008E-3","1.3679999999999999E-2","6.0769999999999998E-2","0.1197","0.14130000000000001","0.22889999999999999","0.2424","0.24590000000000001","0.24260000000000001","0.26619999999999999","0.27750000000000002","0.28289999999999998","0.29049999999999998","0.29870000000000002","0.3135","0.3196","0.33489999999999998","0.33350000000000002","0.34239999999999998","0.35239999999999999","0.37030000000000002","0.3982","0.42180000000000001","0.44009999999999999","0.44890000000000002","0.45789999999999997","0.4637","0.4768","0.501","0.52610000000000001","0.55559999999999998","0.61319999999999997","0.73250000000000004","0.85819999999999996","1","1.181","1.3280000000000001","1.5369999999999999","1.8620000000000001","2.2101999999999999","2.5714000000000001","2.9569000000000001","3.2696999999999998","3.5508000000000002","3.7673999999999999","3.9413999999999998","4.1367000000000003","4.4100999999999999","4.6791999999999998","4.9790000000000001","5.2484000000000002","5.4687999999999999","5.6840000000000002","5.9884000000000004","6.2218999999999998","6.3296999999999999","6.4435000000000002","6.5453000000000001","6.7130000000000001","6.8925999999999998","7.0602999999999998","7.234","7.3776999999999999","7.5034999999999998","7.6532","7.7849000000000004","8.0364000000000004","8.0962999999999994","8.2220999999999993","8.4441000000000006","8.6989000000000001","8.7975999999999992","8.8140999999999998","8.8057999999999996","8.7970000000000006","8.8939000000000004","8.9908000000000001","9.0348000000000006","9.0084"
"1977","7.9929999999999997E-4","8.0409999999999998E-4","7.8069999999999995E-4","7.5929999999999997E-4","7.4660000000000004E-4","7.5440000000000001E-4","7.7289999999999998E-4","8.0409999999999998E-4","8.0900000000000004E-4","8.2070000000000005E-4","8.4599999999999996E-4","9.5620000000000004E-4","1.0139999999999999E-3","1.0380000000000001E-3","1.0380000000000001E-3","9.4059999999999999E-4","9.7860000000000004E-4","9.4249999999999998E-4","9.3079999999999997E-4","9.6489999999999998E-4","9.0260000000000004E-4","8.811E-4","8.5289999999999997E-4","8.363E-4","8.5479999999999996E-4","8.5380000000000005E-4","8.5190000000000005E-4","8.6260000000000004E-4","8.7719999999999996E-4","9.0839999999999996E-4","9.0549999999999995E-4","8.9769999999999997E-4","8.7819999999999999E-4","8.7429999999999995E-4","8.6939999999999999E-4","8.6549999999999995E-4","8.6359999999999996E-4","8.6939999999999999E-4","8.5579999999999999E-4","8.5970000000000003E-4","8.6070000000000005E-4","8.5479999999999996E-4","8.8020000000000004E-4","8.9090000000000003E-4","8.9179999999999999E-4","9.0839999999999996E-4","9.5129999999999998E-4","9.4160000000000001E-4","9.1520000000000002E-4","9.4059999999999999E-4","9.6400000000000001E-4","9.7269999999999995E-4","9.747E-4","9.747E-4","1.0430000000000001E-3","1.305E-3","1.846E-3","2.5739999999999999E-3","2.6129999999999999E-3","3.434E-3","4.0629999999999998E-3","4.0379999999999999E-3","4.0150000000000003E-3","4.156E-3","4.6690000000000004E-3","5.0359999999999997E-3","4.6039999999999996E-3","4.267E-3","4.3350000000000003E-3","4.1980000000000003E-3","3.7929999999999999E-3","3.6930000000000001E-3","3.4749999999999998E-3","3.2950000000000002E-3","3.3419999999999999E-3","3.5950000000000001E-3","3.9350000000000001E-3","4.2370000000000003E-3","4.424E-3","5.1630000000000001E-3","5.9740000000000001E-3","6.9049999999999997E-3","1.158E-2","5.1459999999999999E-2","0.1013","0.1196","0.1938","0.20519999999999999","0.2082","0.20549999999999999","0.22539999999999999","0.23499999999999999","0.23960000000000001","0.246","0.25290000000000001","0.26550000000000001","0.27060000000000001","0.28360000000000002","0.28239999999999998","0.28989999999999999","0.2984","0.31359999999999999","0.3372","0.35709999999999997","0.37269999999999998","0.38009999999999999","0.38769999999999999","0.39269999999999999","0.4037","0.42420000000000002","0.44540000000000002","0.47049999999999997","0.51919999999999999","0.62019999999999997","0.72670000000000001","0.84670000000000001","1","1.1245000000000001","1.3013999999999999","1.5766","1.8714999999999999","2.1772999999999998","2.5036999999999998","2.7686000000000002","3.0066000000000002","3.19","3.3374000000000001","3.5026999999999999","3.7342","3.9620000000000002","4.2160000000000002","4.444","4.6307","4.8129","5.0705999999999998","5.2683999999999997","5.3596000000000004","5.4560000000000004","5.5422000000000002","5.6841999999999997","5.8362999999999996","5.9782000000000002","6.1253000000000002","6.2469999999999999","6.3535000000000004","6.4802","6.5918000000000001","6.8048000000000002","6.8555000000000001","6.9619","7.1498999999999997","7.3657000000000004","7.4493","7.4631999999999996","7.4561999999999999","7.4488000000000003","7.5308000000000002","7.6128","7.6501000000000001","7.6276999999999999"
"1978","7.1080000000000004E-4","7.1509999999999998E-4","6.9430000000000002E-4","6.7520000000000004E-4","6.6399999999999999E-4","6.7089999999999999E-4","6.8740000000000001E-4","7.1509999999999998E-4","7.1940000000000003E-4","7.2990000000000001E-4","7.5239999999999997E-4","8.5030000000000001E-4","9.0149999999999996E-4","9.2310000000000005E-4","9.2310000000000005E-4","8.365E-4","8.7029999999999996E-4","8.3819999999999999E-4","8.2779999999999996E-4","8.5809999999999999E-4","8.0270000000000005E-4","7.8359999999999996E-4","7.5849999999999995E-4","7.4370000000000003E-4","7.6020000000000005E-4","7.5929999999999997E-4","7.5759999999999998E-4","7.6710000000000005E-4","7.8010000000000004E-4","8.0789999999999996E-4","8.053E-4","7.9830000000000005E-4","7.8100000000000001E-4","7.7749999999999998E-4","7.7320000000000004E-4","7.6970000000000001E-4","7.6800000000000002E-4","7.7320000000000004E-4","7.6110000000000001E-4","7.6449999999999999E-4","7.6539999999999996E-4","7.6020000000000005E-4","7.827E-4","7.9230000000000001E-4","7.9310000000000003E-4","8.0789999999999996E-4","8.4599999999999996E-4","8.3730000000000002E-4","8.139E-4","8.365E-4","8.5729999999999997E-4","8.6510000000000005E-4","8.6680000000000004E-4","8.6680000000000004E-4","9.2750000000000005E-4","1.1609999999999999E-3","1.642E-3","2.2889999999999998E-3","2.3240000000000001E-3","3.0539999999999999E-3","3.6129999999999999E-3","3.591E-3","3.5699999999999998E-3","3.6960000000000001E-3","4.1520000000000003E-3","4.4790000000000003E-3","4.0949999999999997E-3","3.7950000000000002E-3","3.8560000000000001E-3","3.7330000000000002E-3","3.3730000000000001E-3","3.284E-3","3.0899999999999999E-3","2.931E-3","2.9719999999999998E-3","3.1970000000000002E-3","3.4989999999999999E-3","3.7680000000000001E-3","3.934E-3","4.5909999999999996E-3","5.313E-3","6.1399999999999996E-3","1.03E-2","4.5760000000000002E-2","9.0130000000000002E-2","0.10639999999999999","0.1724","0.1825","0.1852","0.1827","0.20050000000000001","0.20899999999999999","0.21299999999999999","0.21879999999999999","0.22489999999999999","0.2361","0.2407","0.25219999999999998","0.25109999999999999","0.25779999999999997","0.26529999999999998","0.27889999999999998","0.29980000000000001","0.31759999999999999","0.33139999999999997","0.33800000000000002","0.3448","0.34920000000000001","0.35899999999999999","0.37730000000000002","0.39610000000000001","0.41839999999999999","0.46179999999999999","0.55159999999999998","0.6462","0.753","0.88929999999999998","1","1.1574","1.4020999999999999","1.6642999999999999","1.9362999999999999","2.2265999999999999","2.4621","2.6738","2.8369","2.9679000000000002","3.1150000000000002","3.3209","3.5234999999999999","3.7492999999999999","3.9521000000000002","4.1181000000000001","4.2801","4.5092999999999996","4.6852","4.7664","4.8520000000000003","4.9287000000000001","5.0549999999999997","5.1901999999999999","5.3164999999999996","5.4473000000000003","5.5555000000000003","5.6501999999999999","5.7629000000000001","5.8620999999999999","6.0514999999999999","6.0965999999999996","6.1913","6.3585000000000003","6.5503999999999998","6.6246999999999998","6.6371000000000002","6.6308999999999996","6.6242999999999999","6.6971999999999996","6.7701000000000002","6.8033000000000001","6.7834000000000003"
"1979","6.1410000000000002E-4","6.179E-4","5.999E-4","5.8339999999999998E-4","5.7370000000000001E-4","5.7970000000000005E-4","5.9389999999999996E-4","6.179E-4","6.2160000000000004E-4","6.3060000000000004E-4","6.5010000000000003E-4","7.3470000000000002E-4","7.7890000000000001E-4","7.9759999999999998E-4","7.9759999999999998E-4","7.2269999999999995E-4","7.5190000000000001E-4","7.2420000000000004E-4","7.1520000000000004E-4","7.4140000000000002E-4","6.935E-4","6.7699999999999998E-4","6.5530000000000004E-4","6.4260000000000001E-4","6.5680000000000003E-4","6.5609999999999996E-4","6.5459999999999997E-4","6.6279999999999996E-4","6.7400000000000001E-4","6.9800000000000005E-4","6.958E-4","6.8979999999999996E-4","6.7480000000000003E-4","6.7179999999999996E-4","6.6810000000000003E-4","6.6509999999999996E-4","6.6359999999999998E-4","6.6810000000000003E-4","6.5760000000000005E-4","6.6060000000000001E-4","6.6129999999999997E-4","6.5680000000000003E-4","6.7630000000000001E-4","6.845E-4","6.8530000000000002E-4","6.9800000000000005E-4","7.3099999999999999E-4","7.2349999999999997E-4","7.0330000000000002E-4","7.2269999999999995E-4","7.4069999999999995E-4","7.4739999999999995E-4","7.4890000000000004E-4","7.4890000000000004E-4","8.0139999999999996E-4","1.003E-3","1.418E-3","1.9780000000000002E-3","2.0079999999999998E-3","2.6389999999999999E-3","3.1220000000000002E-3","3.1029999999999999E-3","3.0850000000000001E-3","3.1930000000000001E-3","3.5869999999999999E-3","3.8700000000000002E-3","3.5379999999999999E-3","3.2789999999999998E-3","3.3310000000000002E-3","3.2260000000000001E-3","2.9139999999999999E-3","2.8379999999999998E-3","2.6700000000000001E-3","2.532E-3","2.568E-3","2.7620000000000001E-3","3.0230000000000001E-3","3.2560000000000002E-3","3.3990000000000001E-3","3.967E-3","4.5900000000000003E-3","5.3049999999999998E-3","8.8970000000000004E-3","3.9539999999999999E-2","7.7869999999999995E-2","9.1910000000000006E-2","0.1489","0.15770000000000001","0.16","0.15790000000000001","0.17319999999999999","0.18060000000000001","0.18410000000000001","0.189","0.1943","0.20399999999999999","0.2079","0.21790000000000001","0.217","0.2228","0.2293","0.24099999999999999","0.2591","0.27439999999999998","0.2863","0.29210000000000003","0.2979","0.30170000000000002","0.31019999999999998","0.32600000000000001","0.34229999999999999","0.36149999999999999","0.39900000000000002","0.47660000000000002","0.55840000000000001","0.65059999999999996","0.76839999999999997","0.86399999999999999","1","1.2115","1.4379999999999999","1.673","1.9238","2.1273","2.3102","2.4512","2.5644","2.6913999999999998","2.8693","3.0442999999999998","3.2395","3.4146999999999998","3.5581","3.6981000000000002","3.8961999999999999","4.0480999999999998","4.1181999999999999","4.1923000000000004","4.2584999999999997","4.3676000000000004","4.4844999999999997","4.5936000000000003","4.7065999999999999","4.8000999999999996","4.8818999999999999","4.9793000000000003","5.0650000000000004","5.2286000000000001","5.2675999999999998","5.3494000000000002","5.4939","5.6597","5.7239000000000004","5.7346000000000004","5.7291999999999996","5.7234999999999996","5.7865000000000002","5.8494999999999999","5.8781999999999996","5.8609999999999998"
"1980","5.0690000000000002E-4","5.1000000000000004E-4","4.952E-4","4.816E-4","4.7360000000000002E-4","4.7849999999999998E-4","4.9019999999999999E-4","5.1000000000000004E-4","5.1309999999999995E-4","5.2050000000000002E-4","5.3660000000000003E-4","6.0650000000000005E-4","6.4289999999999996E-4","6.5839999999999996E-4","6.5839999999999996E-4","5.9659999999999997E-4","6.2069999999999996E-4","5.978E-4","5.9040000000000004E-4","6.1200000000000002E-4","5.7249999999999998E-4","5.5889999999999998E-4","5.4089999999999997E-4","5.3039999999999999E-4","5.4219999999999995E-4","5.4160000000000005E-4","5.4029999999999996E-4","5.4710000000000002E-4","5.5639999999999997E-4","5.7620000000000002E-4","5.7430000000000003E-4","5.6939999999999996E-4","5.5699999999999999E-4","5.5449999999999998E-4","5.5139999999999996E-4","5.4900000000000001E-4","5.4770000000000003E-4","5.5139999999999996E-4","5.4279999999999997E-4","5.4529999999999997E-4","5.4589999999999999E-4","5.4219999999999995E-4","5.5820000000000002E-4","5.6499999999999996E-4","5.6570000000000004E-4","5.7620000000000002E-4","6.0340000000000003E-4","5.9719999999999999E-4","5.8049999999999996E-4","5.9659999999999997E-4","6.1140000000000001E-4","6.1700000000000004E-4","6.1819999999999996E-4","6.1819999999999996E-4","6.6149999999999998E-4","8.2779999999999996E-4","1.1709999999999999E-3","1.6329999999999999E-3","1.6570000000000001E-3","2.1779999999999998E-3","2.5769999999999999E-3","2.5609999999999999E-3","2.5460000000000001E-3","2.6359999999999999E-3","2.9610000000000001E-3","3.1939999999999998E-3","2.9199999999999999E-3","2.7070000000000002E-3","2.7499999999999998E-3","2.663E-3","2.405E-3","2.3419999999999999E-3","2.2039999999999998E-3","2.0899999999999998E-3","2.1199999999999999E-3","2.2799999999999999E-3","2.496E-3","2.6870000000000002E-3","2.8059999999999999E-3","3.2750000000000001E-3","3.7889999999999998E-3","4.3790000000000001E-3","7.3439999999999998E-3","3.2640000000000002E-2","6.4280000000000004E-2","7.5859999999999997E-2","0.1229","0.13020000000000001","0.1321","0.1303","0.14299999999999999","0.14899999999999999","0.15190000000000001","0.156","0.16039999999999999","0.16839999999999999","0.1716","0.1799","0.17910000000000001","0.18390000000000001","0.18920000000000001","0.19889999999999999","0.21379999999999999","0.22650000000000001","0.2364","0.24110000000000001","0.24590000000000001","0.24909999999999999","0.25600000000000001","0.26910000000000001","0.28249999999999997","0.2984","0.32929999999999998","0.39340000000000003","0.46089999999999998","0.53710000000000002","0.63429999999999997","0.71319999999999995","0.82550000000000001","1","1.1870000000000001","1.381","1.5880000000000001","1.756","1.907","2.0232999999999999","2.1168","2.2216999999999998","2.3685","2.5129999999999999","2.6739999999999999","2.8187000000000002","2.9371","3.0526","3.2161","3.3414999999999999","3.3994","3.4605000000000001","3.5152000000000001","3.6053000000000002","3.7017000000000002","3.7917999999999998","3.8851","3.9622000000000002","4.0297999999999998","4.1101999999999999","4.1809000000000003","4.3159999999999998","4.3482000000000003","4.4157000000000002","4.5349000000000004","4.6718000000000002","4.7248000000000001","4.7336","4.7291999999999996","4.7244999999999999","4.7765000000000004","4.8285","4.8521999999999998","4.8380000000000001"
"1981","4.2709999999999997E-4","4.2969999999999998E-4","4.172E-4","4.057E-4","3.9889999999999999E-4","4.0309999999999999E-4","4.1300000000000001E-4","4.2969999999999998E-4","4.3229999999999999E-4","4.3849999999999998E-4","4.5209999999999998E-4","5.109E-4","5.4169999999999999E-4","5.5469999999999998E-4","5.5469999999999998E-4","5.0259999999999997E-4","5.2289999999999997E-4","5.0359999999999999E-4","4.9739999999999995E-4","5.1559999999999996E-4","4.8230000000000001E-4","4.7080000000000001E-4","4.5570000000000002E-4","4.4690000000000002E-4","4.5679999999999999E-4","4.5619999999999998E-4","4.5520000000000001E-4","4.6089999999999998E-4","4.6870000000000001E-4","4.8539999999999998E-4","4.838E-4","4.797E-4","4.6930000000000002E-4","4.6720000000000003E-4","4.6460000000000002E-4","4.6250000000000002E-4","4.6139999999999999E-4","4.6460000000000002E-4","4.573E-4","4.594E-4","4.5990000000000001E-4","4.5679999999999999E-4","4.7029999999999999E-4","4.7600000000000002E-4","4.7659999999999998E-4","4.8539999999999998E-4","5.0830000000000005E-4","5.0310000000000003E-4","4.8910000000000002E-4","5.0259999999999997E-4","5.151E-4","5.1979999999999995E-4","5.2079999999999997E-4","5.2079999999999997E-4","5.5730000000000005E-4","6.9740000000000004E-4","9.8639999999999991E-4","1.3749999999999999E-3","1.3960000000000001E-3","1.835E-3","2.1710000000000002E-3","2.1580000000000002E-3","2.1450000000000002E-3","2.2209999999999999E-3","2.4949999999999998E-3","2.6909999999999998E-3","2.4599999999999999E-3","2.2799999999999999E-3","2.317E-3","2.2430000000000002E-3","2.0270000000000002E-3","1.9729999999999999E-3","1.8569999999999999E-3","1.761E-3","1.786E-3","1.921E-3","2.1029999999999998E-3","2.264E-3","2.3640000000000002E-3","2.7590000000000002E-3","3.192E-3","3.6900000000000001E-3","6.1869999999999998E-3","2.75E-2","5.416E-2","6.3909999999999995E-2","0.1036","0.10970000000000001","0.1113","0.10979999999999999","0.12039999999999999","0.12559999999999999","0.128","0.13139999999999999","0.1351","0.1419","0.14460000000000001","0.1515","0.15090000000000001","0.15490000000000001","0.15939999999999999","0.1676","0.1802","0.1908","0.1991","0.2031","0.2072","0.20979999999999999","0.2157","0.22670000000000001","0.23799999999999999","0.25140000000000001","0.27750000000000002","0.33139999999999997","0.38829999999999998","0.45240000000000002","0.5343","0.60089999999999999","0.69540000000000002","0.84250000000000003","1","1.1634","1.3378000000000001","1.4794","1.6066","1.7045999999999999","1.7833000000000001","1.8716999999999999","1.9954000000000001","2.1171000000000002","2.2528000000000001","2.3746","2.4744000000000002","2.5716999999999999","2.7094","2.8151000000000002","2.8639000000000001","2.9154","2.9613999999999998","3.0373000000000001","3.1185999999999998","3.1943999999999999","3.2730000000000001","3.3380000000000001","3.3948999999999998","3.4626999999999999","3.5223","3.6360999999999999","3.6631999999999998","3.7201","3.8205","3.9358","3.9805000000000001","3.9878999999999998","3.9842","3.9802","4.024","4.0678999999999998","4.0877999999999997","4.0758000000000001"
"1982","3.6709999999999998E-4","3.6929999999999998E-4","3.5859999999999999E-4","3.4870000000000002E-4","3.4289999999999999E-4","3.4650000000000002E-4","3.5500000000000001E-4","3.6929999999999998E-4","3.7159999999999998E-4","3.769E-4","3.8860000000000001E-4","4.392E-4","4.6559999999999999E-4","4.7679999999999999E-4","4.7679999999999999E-4","4.3199999999999998E-4","4.4939999999999997E-4","4.3290000000000001E-4","4.2749999999999998E-4","4.4319999999999999E-4","4.1449999999999999E-4","4.0470000000000002E-4","3.9169999999999998E-4","3.8410000000000001E-4","3.926E-4","3.9209999999999999E-4","3.9130000000000002E-4","3.9619999999999998E-4","4.0289999999999998E-4","4.172E-4","4.1590000000000003E-4","4.1229999999999999E-4","4.0329999999999999E-4","4.015E-4","3.993E-4","3.9750000000000001E-4","3.9659999999999999E-4","3.993E-4","3.9300000000000001E-4","3.948E-4","3.9530000000000001E-4","3.926E-4","4.0420000000000001E-4","4.0920000000000003E-4","4.0959999999999998E-4","4.172E-4","4.3689999999999999E-4","4.3239999999999999E-4","4.2039999999999997E-4","4.3199999999999998E-4","4.4270000000000003E-4","4.4680000000000002E-4","4.4769999999999999E-4","4.4769999999999999E-4","4.7899999999999999E-4","5.9940000000000004E-4","8.4789999999999996E-4","1.1820000000000001E-3","1.1999999999999999E-3","1.5770000000000001E-3","1.866E-3","1.8550000000000001E-3","1.8439999999999999E-3","1.9090000000000001E-3","2.1440000000000001E-3","2.313E-3","2.1150000000000001E-3","1.9599999999999999E-3","1.9910000000000001E-3","1.928E-3","1.7420000000000001E-3","1.696E-3","1.596E-3","1.5139999999999999E-3","1.5349999999999999E-3","1.6509999999999999E-3","1.807E-3","1.946E-3","2.032E-3","2.3709999999999998E-3","2.7439999999999999E-3","3.1710000000000002E-3","5.3179999999999998E-3","2.3630000000000002E-2","4.6550000000000001E-2","5.493E-2","8.9029999999999998E-2","9.4259999999999997E-2","9.5640000000000003E-2","9.4359999999999999E-2","0.10349999999999999","0.1079","0.11","0.113","0.1162","0.12189999999999999","0.12429999999999999","0.13020000000000001","0.12970000000000001","0.1331","0.13700000000000001","0.14399999999999999","0.15479999999999999","0.16400000000000001","0.17119999999999999","0.17460000000000001","0.17810000000000001","0.18029999999999999","0.18540000000000001","0.1948","0.2046","0.21609999999999999","0.23849999999999999","0.2848","0.33379999999999999","0.38890000000000002","0.45929999999999999","0.51639999999999997","0.59770000000000001","0.72409999999999997","0.85950000000000004","1","1.1498999999999999","1.2715000000000001","1.3809","1.4651000000000001","1.5327999999999999","1.6087","1.7151000000000001","1.8197000000000001","1.9362999999999999","2.0409999999999999","2.1267999999999998","2.2103999999999999","2.3288000000000002","2.4196","2.4615999999999998","2.5057999999999998","2.5453999999999999","2.6105999999999998","2.6804999999999999","2.7456999999999998","2.8132000000000001","2.8691","2.9180000000000001","2.9762","3.0274999999999999","3.1253000000000002","3.1486000000000001","3.1974999999999998","3.2837999999999998","3.3828999999999998","3.4213","3.4277000000000002","3.4245000000000001","3.4211","3.4586999999999999","3.4964","3.5135000000000001","3.5032999999999999"
"1983","3.1920000000000001E-4","3.212E-4","3.1179999999999999E-4","3.033E-4","2.9819999999999998E-4","3.0130000000000001E-4","3.0870000000000002E-4","3.212E-4","3.2309999999999999E-4","3.278E-4","3.3789999999999997E-4","3.8190000000000001E-4","4.0489999999999998E-4","4.1459999999999999E-4","4.1459999999999999E-4","3.7570000000000002E-4","3.9090000000000001E-4","3.7649999999999999E-4","3.7179999999999998E-4","3.8539999999999999E-4","3.6049999999999998E-4","3.5189999999999999E-4","3.4059999999999998E-4","3.3399999999999999E-4","3.414E-4","3.4099999999999999E-4","3.4029999999999998E-4","3.4450000000000003E-4","3.5040000000000001E-4","3.6279999999999998E-4","3.6170000000000001E-4","3.5849999999999999E-4","3.5080000000000002E-4","3.4919999999999998E-4","3.4729999999999999E-4","3.457E-4","3.4489999999999998E-4","3.4729999999999999E-4","3.4180000000000001E-4","3.434E-4","3.4380000000000001E-4","3.414E-4","3.5149999999999998E-4","3.5579999999999997E-4","3.5619999999999998E-4","3.6279999999999998E-4","3.8000000000000002E-4","3.7609999999999998E-4","3.656E-4","3.7570000000000002E-4","3.8499999999999998E-4","3.8850000000000001E-4","3.8929999999999998E-4","3.8929999999999998E-4","4.1659999999999999E-4","5.2130000000000004E-4","7.3729999999999998E-4","1.0280000000000001E-3","1.044E-3","1.372E-3","1.6230000000000001E-3","1.6130000000000001E-3","1.604E-3","1.66E-3","1.8649999999999999E-3","2.0119999999999999E-3","1.8389999999999999E-3","1.704E-3","1.732E-3","1.6770000000000001E-3","1.5150000000000001E-3","1.475E-3","1.3879999999999999E-3","1.3159999999999999E-3","1.335E-3","1.436E-3","1.572E-3","1.6919999999999999E-3","1.7669999999999999E-3","2.062E-3","2.3860000000000001E-3","2.758E-3","4.6249999999999998E-3","2.0549999999999999E-2","4.0480000000000002E-2","4.777E-2","7.7420000000000003E-2","8.1979999999999997E-2","8.3180000000000004E-2","8.2059999999999994E-2","9.0029999999999999E-2","9.3859999999999999E-2","9.5680000000000001E-2","9.826E-2","0.10100000000000001","0.106","0.1081","0.1133","0.1128","0.1158","0.1192","0.12529999999999999","0.13469999999999999","0.1426","0.14879999999999999","0.15179999999999999","0.15490000000000001","0.15679999999999999","0.16120000000000001","0.1694","0.1779","0.18790000000000001","0.2074","0.2477","0.29020000000000001","0.3382","0.39939999999999998","0.4491","0.51980000000000004","0.62970000000000004","0.74750000000000005","0.86960000000000004","1","1.1057999999999999","1.2009000000000001","1.2741","1.333","1.399","1.4915","1.5825","1.6839","1.7749999999999999","1.8494999999999999","1.9222999999999999","2.0253000000000001","2.1042000000000001","2.1406999999999998","2.1791999999999998","2.2136","2.2703000000000002","2.3311000000000002","2.3877999999999999","2.4464999999999999","2.4950999999999999","2.5375999999999999","2.5882999999999998","2.6328","2.7179000000000002","2.7381000000000002","2.7806999999999999","2.8557999999999999","2.9420000000000002","2.9752999999999998","2.9809000000000001","2.9781","2.9750999999999999","3.0078999999999998","3.0406","3.0554999999999999","3.0466000000000002"
"1984","2.8870000000000002E-4","2.9040000000000001E-4","2.8200000000000002E-4","2.743E-4","2.697E-4","2.7250000000000001E-4","2.7920000000000001E-4","2.9040000000000001E-4","2.922E-4","2.9639999999999999E-4","3.056E-4","3.4539999999999999E-4","3.6610000000000001E-4","3.7490000000000001E-4","3.7490000000000001E-4","3.3970000000000002E-4","3.5349999999999997E-4","3.4039999999999998E-4","3.3619999999999999E-4","3.4850000000000001E-4","3.2600000000000001E-4","3.1829999999999998E-4","3.0810000000000001E-4","3.0210000000000002E-4","3.0880000000000002E-4","3.0840000000000002E-4","3.077E-4","3.1159999999999998E-4","3.1690000000000001E-4","3.2810000000000001E-4","3.2709999999999998E-4","3.2420000000000002E-4","3.1720000000000001E-4","3.1579999999999998E-4","3.1399999999999999E-4","3.1260000000000001E-4","3.1189999999999999E-4","3.1399999999999999E-4","3.0909999999999998E-4","3.1050000000000001E-4","3.1090000000000002E-4","3.0880000000000002E-4","3.1789999999999998E-4","3.2180000000000002E-4","3.2210000000000002E-4","3.2810000000000001E-4","3.436E-4","3.4010000000000003E-4","3.3060000000000001E-4","3.3970000000000002E-4","3.4820000000000001E-4","3.5139999999999998E-4","3.5209999999999999E-4","3.5209999999999999E-4","3.7669999999999999E-4","4.7140000000000002E-4","6.6680000000000005E-4","9.2980000000000005E-4","9.4390000000000001E-4","1.24E-3","1.467E-3","1.459E-3","1.4499999999999999E-3","1.5009999999999999E-3","1.686E-3","1.8190000000000001E-3","1.663E-3","1.5410000000000001E-3","1.5659999999999999E-3","1.516E-3","1.3699999999999999E-3","1.3339999999999999E-3","1.255E-3","1.1900000000000001E-3","1.207E-3","1.2979999999999999E-3","1.421E-3","1.5299999999999999E-3","1.598E-3","1.8649999999999999E-3","2.1580000000000002E-3","2.4940000000000001E-3","4.182E-3","1.8589999999999999E-2","3.6609999999999997E-2","4.3200000000000002E-2","7.0019999999999999E-2","7.4130000000000001E-2","7.5219999999999995E-2","7.4209999999999998E-2","8.1420000000000006E-2","8.4879999999999997E-2","8.6529999999999996E-2","8.8859999999999995E-2","9.1350000000000001E-2","9.5890000000000003E-2","9.7750000000000004E-2","0.1024","0.10199999999999999","0.1047","0.10780000000000001","0.1133","0.12180000000000001","0.129","0.1346","0.13730000000000001","0.14000000000000001","0.14180000000000001","0.14580000000000001","0.1532","0.16089999999999999","0.1699","0.1875","0.224","0.26250000000000001","0.30580000000000002","0.36120000000000002","0.40620000000000001","0.47010000000000002","0.56950000000000001","0.67600000000000005","0.78639999999999999","0.90429999999999999","1","1.0860000000000001","1.1521999999999999","1.2054","1.2652000000000001","1.3488","1.4311","1.5227999999999999","1.6052","1.6726000000000001","1.7383999999999999","1.8314999999999999","1.9029","1.9359","1.9706999999999999","2.0017999999999998","2.0531000000000001","2.1080999999999999","2.1593","2.2124000000000001","2.2564000000000002","2.2949000000000002","2.3407","2.3809","2.4579","2.4762","2.5146000000000002","2.5825","2.6604999999999999","2.6907000000000001","2.6957","2.6932","2.6905000000000001","2.7201","2.7496999999999998","2.7631999999999999","2.7551000000000001"
"1985","2.6580000000000001E-4","2.675E-4","2.5970000000000002E-4","2.5250000000000001E-4","2.4830000000000002E-4","2.5090000000000003E-4","2.5710000000000002E-4","2.675E-4","2.6909999999999998E-4","2.7300000000000002E-4","2.8140000000000001E-4","3.1799999999999998E-4","3.3710000000000001E-4","3.4529999999999999E-4","3.4529999999999999E-4","3.1280000000000001E-4","3.255E-4","3.1349999999999998E-4","3.0959999999999999E-4","3.2089999999999999E-4","3.0019999999999998E-4","2.9310000000000002E-4","2.8370000000000001E-4","2.7809999999999998E-4","2.8430000000000003E-4","2.8400000000000002E-4","2.833E-4","2.8689999999999998E-4","2.9179999999999999E-4","3.0210000000000002E-4","3.012E-4","2.9859999999999999E-4","2.921E-4","2.9080000000000002E-4","2.8919999999999998E-4","2.879E-4","2.8719999999999999E-4","2.8919999999999998E-4","2.8459999999999998E-4","2.8590000000000001E-4","2.8630000000000002E-4","2.8430000000000003E-4","2.9270000000000001E-4","2.9629999999999999E-4","2.966E-4","3.0210000000000002E-4","3.1639999999999999E-4","3.1320000000000002E-4","3.0440000000000003E-4","3.1280000000000001E-4","3.2059999999999999E-4","3.235E-4","3.2420000000000002E-4","3.2420000000000002E-4","3.4689999999999998E-4","4.3409999999999998E-4","6.1399999999999996E-4","8.5619999999999999E-4","8.6910000000000004E-4","1.142E-3","1.351E-3","1.343E-3","1.335E-3","1.382E-3","1.5529999999999999E-3","1.6750000000000001E-3","1.531E-3","1.4189999999999999E-3","1.4419999999999999E-3","1.3960000000000001E-3","1.261E-3","1.2279999999999999E-3","1.1559999999999999E-3","1.096E-3","1.1119999999999999E-3","1.196E-3","1.3090000000000001E-3","1.4090000000000001E-3","1.4710000000000001E-3","1.717E-3","1.9870000000000001E-3","2.297E-3","3.8509999999999998E-3","1.711E-2","3.3709999999999997E-2","3.9780000000000003E-2","6.447E-2","6.8260000000000001E-2","6.9260000000000002E-2","6.8330000000000002E-2","7.4969999999999995E-2","7.8159999999999993E-2","7.9680000000000001E-2","8.1820000000000004E-2","8.412E-2","8.8300000000000003E-2","9.0010000000000007E-2","9.4320000000000001E-2","9.3920000000000003E-2","9.6420000000000006E-2","9.9239999999999995E-2","0.1043","0.11210000000000001","0.1188","0.1239","0.12640000000000001","0.129","0.13059999999999999","0.1343","0.1411","0.14810000000000001","0.1565","0.17269999999999999","0.20630000000000001","0.2417","0.28160000000000002","0.33260000000000001","0.374","0.43290000000000001","0.52439999999999998","0.62239999999999995","0.72419999999999995","0.8327","0.92079999999999995","1","1.0609999999999999","1.1100000000000001","1.165","1.242","1.3178000000000001","1.4021999999999999","1.4781","1.5401","1.6007","1.6865000000000001","1.7522","1.7826","1.8146","1.8432999999999999","1.8905000000000001","1.9411","1.9883999999999999","2.0373000000000001","2.0777000000000001","2.1132","2.1553","2.1924000000000001","2.2631999999999999","2.2801","2.3155000000000001","2.3780000000000001","2.4498000000000002","2.4775999999999998","2.4822000000000002","2.4799000000000002","2.4775","2.5047000000000001","2.532","2.5444","2.5369999999999999"
"1986","2.5050000000000002E-4","2.521E-4","2.4469999999999998E-4","2.3800000000000001E-4","2.34E-4","2.365E-4","2.4230000000000001E-4","2.521E-4","2.5359999999999998E-4","2.5730000000000002E-4","2.652E-4","2.9970000000000002E-4","3.1780000000000003E-4","3.2539999999999999E-4","3.2539999999999999E-4","2.9480000000000001E-4","3.0679999999999998E-4","2.9550000000000003E-4","2.9179999999999999E-4","3.0249999999999998E-4","2.8289999999999999E-4","2.7619999999999999E-4","2.6739999999999999E-4","2.6219999999999998E-4","2.6800000000000001E-4","2.677E-4","2.6699999999999998E-4","2.7040000000000001E-4","2.7500000000000002E-4","2.8479999999999998E-4","2.8390000000000002E-4","2.8140000000000001E-4","2.7530000000000002E-4","2.7409999999999999E-4","2.7250000000000001E-4","2.7129999999999998E-4","2.7070000000000002E-4","2.7250000000000001E-4","2.6830000000000002E-4","2.6949999999999999E-4","2.698E-4","2.6800000000000001E-4","2.7589999999999998E-4","2.7930000000000001E-4","2.7960000000000002E-4","2.8479999999999998E-4","2.9819999999999998E-4","2.9520000000000002E-4","2.8689999999999998E-4","2.9480000000000001E-4","3.0219999999999997E-4","3.0489999999999998E-4","3.055E-4","3.055E-4","3.2689999999999998E-4","4.0910000000000002E-4","5.7870000000000003E-4","8.0690000000000004E-4","8.1919999999999996E-4","1.0759999999999999E-3","1.274E-3","1.266E-3","1.2589999999999999E-3","1.3029999999999999E-3","1.464E-3","1.5790000000000001E-3","1.4430000000000001E-3","1.338E-3","1.359E-3","1.3159999999999999E-3","1.189E-3","1.158E-3","1.0889999999999999E-3","1.0330000000000001E-3","1.0480000000000001E-3","1.127E-3","1.2329999999999999E-3","1.328E-3","1.387E-3","1.6180000000000001E-3","1.8730000000000001E-3","2.1640000000000001E-3","3.63E-3","1.6129999999999999E-2","3.177E-2","3.7499999999999999E-2","6.0769999999999998E-2","6.4339999999999994E-2","6.5280000000000005E-2","6.4399999999999999E-2","7.0660000000000001E-2","7.3660000000000003E-2","7.51E-2","7.7119999999999994E-2","7.9280000000000003E-2","8.3220000000000002E-2","8.4830000000000003E-2","8.8900000000000007E-2","8.8520000000000001E-2","9.0880000000000002E-2","9.3530000000000002E-2","9.8299999999999998E-2","0.1057","0.112","0.1168","0.1192","0.1215","0.1231","0.1265","0.13300000000000001","0.1396","0.14749999999999999","0.1628","0.19439999999999999","0.2278","0.26540000000000002","0.3135","0.35249999999999998","0.40799999999999997","0.49419999999999997","0.5867","0.6825","0.78480000000000005","0.8679","0.9425","1","1.0462","1.0980000000000001","1.1706000000000001","1.242","1.3216000000000001","1.3931","1.4516","1.5086999999999999","1.5894999999999999","1.6515","1.6800999999999999","1.7102999999999999","1.7373000000000001","1.7818000000000001","1.8294999999999999","1.8740000000000001","1.9200999999999999","1.9582999999999999","1.9917","2.0314000000000001","2.0663999999999998","2.1331000000000002","2.149","2.1823999999999999","2.2412999999999998","2.3090000000000002","2.3351999999999999","2.3395000000000001","2.3374000000000001","2.335","2.3607","2.3864000000000001","2.3980999999999999","2.3910999999999998"
"1987","2.3949999999999999E-4","2.409E-4","2.3389999999999999E-4","2.275E-4","2.2369999999999999E-4","2.2609999999999999E-4","2.3159999999999999E-4","2.409E-4","2.4240000000000001E-4","2.4590000000000001E-4","2.5349999999999998E-4","2.8650000000000003E-4","3.0370000000000001E-4","3.1100000000000002E-4","3.1100000000000002E-4","2.8180000000000002E-4","2.9320000000000003E-4","2.8239999999999998E-4","2.789E-4","2.8909999999999998E-4","2.7040000000000001E-4","2.6400000000000002E-4","2.5549999999999998E-4","2.5060000000000002E-4","2.5609999999999999E-4","2.5579999999999998E-4","2.5530000000000003E-4","2.5849999999999999E-4","2.6289999999999999E-4","2.722E-4","2.7129999999999998E-4","2.6899999999999998E-4","2.631E-4","2.6200000000000003E-4","2.6049999999999999E-4","2.5930000000000001E-4","2.588E-4","2.6049999999999999E-4","2.564E-4","2.5759999999999997E-4","2.5789999999999998E-4","2.5609999999999999E-4","2.6370000000000001E-4","2.6689999999999998E-4","2.6719999999999999E-4","2.722E-4","2.8499999999999999E-4","2.8210000000000003E-4","2.742E-4","2.8180000000000002E-4","2.8880000000000003E-4","2.9149999999999998E-4","2.921E-4","2.921E-4","3.1250000000000001E-4","3.9110000000000002E-4","5.532E-4","7.7130000000000005E-4","7.8299999999999995E-4","1.029E-3","1.217E-3","1.2099999999999999E-3","1.2030000000000001E-3","1.245E-3","1.3990000000000001E-3","1.5089999999999999E-3","1.3799999999999999E-3","1.279E-3","1.299E-3","1.258E-3","1.1360000000000001E-3","1.1069999999999999E-3","1.041E-3","9.8740000000000004E-4","1.0009999999999999E-3","1.077E-3","1.1789999999999999E-3","1.2700000000000001E-3","1.3259999999999999E-3","1.547E-3","1.7899999999999999E-3","2.0690000000000001E-3","3.47E-3","1.542E-2","3.0370000000000001E-2","3.5839999999999997E-2","5.808E-2","6.1499999999999999E-2","6.2399999999999997E-2","6.1559999999999997E-2","6.7540000000000003E-2","7.041E-2","7.1779999999999997E-2","7.3709999999999998E-2","7.578E-2","7.9549999999999996E-2","8.1089999999999995E-2","8.4970000000000004E-2","8.4620000000000001E-2","8.6860000000000007E-2","8.9399999999999993E-2","9.3960000000000002E-2","0.10100000000000001","0.107","0.11169999999999999","0.1139","0.1162","0.1177","0.121","0.12709999999999999","0.13350000000000001","0.14099999999999999","0.15559999999999999","0.18579999999999999","0.2177","0.25369999999999998","0.29959999999999998","0.33689999999999998","0.39","0.47239999999999999","0.56079999999999997","0.65239999999999998","0.75019999999999998","0.8296","0.90090000000000003","0.95589999999999997","1","1.0495000000000001","1.1189","1.1872","1.2633000000000001","1.3315999999999999","1.3875","1.4420999999999999","1.5193000000000001","1.5786","1.6059000000000001","1.6348","1.6606000000000001","1.7032","1.7487999999999999","1.7912999999999999","1.8353999999999999","1.8717999999999999","1.9036999999999999","1.9417","1.9752000000000001","2.0390000000000001","2.0541999999999998","2.0861000000000001","2.1423999999999999","2.2071000000000001","2.2321","2.2363","2.2342","2.2319","2.2565","2.2810999999999999","2.2923","2.2856000000000001"
"1988","2.2819999999999999E-4","2.296E-4","2.229E-4","2.1680000000000001E-4","2.1320000000000001E-4","2.154E-4","2.207E-4","2.296E-4","2.31E-4","2.343E-4","2.4149999999999999E-4","2.7300000000000002E-4","2.8939999999999999E-4","2.9639999999999999E-4","2.9639999999999999E-4","2.6850000000000002E-4","2.7940000000000002E-4","2.6909999999999998E-4","2.6570000000000001E-4","2.7549999999999997E-4","2.5769999999999998E-4","2.5159999999999999E-4","2.4350000000000001E-4","2.388E-4","2.4399999999999999E-4","2.4379999999999999E-4","2.432E-4","2.4630000000000002E-4","2.5040000000000001E-4","2.5930000000000001E-4","2.5849999999999999E-4","2.563E-4","2.5070000000000002E-4","2.496E-4","2.4820000000000002E-4","2.4709999999999999E-4","2.4649999999999997E-4","2.4820000000000002E-4","2.4429999999999998E-4","2.454E-4","2.4570000000000001E-4","2.4399999999999999E-4","2.5129999999999998E-4","2.543E-4","2.5460000000000001E-4","2.5930000000000001E-4","2.7159999999999999E-4","2.6879999999999997E-4","2.6130000000000001E-4","2.6850000000000002E-4","2.7520000000000002E-4","2.7769999999999997E-4","2.7829999999999999E-4","2.7829999999999999E-4","2.9770000000000003E-4","3.726E-4","5.2700000000000002E-4","7.3490000000000003E-4","7.4600000000000003E-4","9.8029999999999992E-4","1.16E-3","1.1529999999999999E-3","1.1460000000000001E-3","1.1869999999999999E-3","1.333E-3","1.438E-3","1.315E-3","1.2179999999999999E-3","1.238E-3","1.199E-3","1.083E-3","1.054E-3","9.9200000000000004E-4","9.4079999999999999E-4","9.5419999999999999E-4","1.026E-3","1.1230000000000001E-3","1.2099999999999999E-3","1.263E-3","1.474E-3","1.7060000000000001E-3","1.9710000000000001E-3","3.3059999999999999E-3","1.469E-2","2.8930000000000001E-2","3.415E-2","5.534E-2","5.8590000000000003E-2","5.9450000000000003E-2","5.8650000000000001E-2","6.4350000000000004E-2","6.7089999999999997E-2","6.8390000000000006E-2","7.0230000000000001E-2","7.22E-2","7.5800000000000006E-2","7.7259999999999995E-2","8.0960000000000004E-2","8.0619999999999997E-2","8.276E-2","8.5180000000000006E-2","8.9529999999999998E-2","9.6259999999999998E-2","0.10199999999999999","0.10639999999999999","0.1085","0.11070000000000001","0.11210000000000001","0.1153","0.1211","0.12720000000000001","0.1343","0.1482","0.17710000000000001","0.20749999999999999","0.2417","0.28549999999999998","0.32100000000000001","0.37159999999999999","0.4501","0.5343","0.62160000000000004","0.71479999999999999","0.79039999999999999","0.85840000000000005","0.91069999999999995","0.95279999999999998","1","1.0661","1.1311","1.2036","1.2686999999999999","1.3220000000000001","1.3740000000000001","1.4476","1.5041","1.5301","1.5576000000000001","1.5822000000000001","1.6228","1.6661999999999999","1.7067000000000001","1.7486999999999999","1.7835000000000001","1.8139000000000001","1.8501000000000001","1.8818999999999999","1.9427000000000001","1.9572000000000001","1.9876","2.0411999999999999","2.1029","2.1267","2.1307","2.1286999999999998","2.1265999999999998","2.15","2.1734","2.1840000000000002","2.1777000000000002"
"1989","2.14E-4","2.153E-4","2.0909999999999999E-4","2.0330000000000001E-4","1.9990000000000001E-4","2.02E-4","2.0699999999999999E-4","2.153E-4","2.1660000000000001E-4","2.198E-4","2.2660000000000001E-4","2.5609999999999999E-4","2.7149999999999999E-4","2.7799999999999998E-4","2.7799999999999998E-4","2.519E-4","2.6209999999999997E-4","2.5240000000000001E-4","2.4929999999999999E-4","2.5839999999999999E-4","2.4169999999999999E-4","2.3599999999999999E-4","2.284E-4","2.24E-4","2.2890000000000001E-4","2.287E-4","2.2809999999999999E-4","2.31E-4","2.3489999999999999E-4","2.433E-4","2.4250000000000001E-4","2.4039999999999999E-4","2.352E-4","2.341E-4","2.3279999999999999E-4","2.318E-4","2.3130000000000001E-4","2.3279999999999999E-4","2.2919999999999999E-4","2.3020000000000001E-4","2.3049999999999999E-4","2.2890000000000001E-4","2.3570000000000001E-4","2.386E-4","2.388E-4","2.433E-4","2.5480000000000001E-4","2.521E-4","2.4509999999999999E-4","2.519E-4","2.5809999999999999E-4","2.6049999999999999E-4","2.61E-4","2.61E-4","2.7930000000000001E-4","3.4949999999999998E-4","4.9439999999999998E-4","6.893E-4","6.9979999999999999E-4","9.1960000000000002E-4","1.088E-3","1.0809999999999999E-3","1.075E-3","1.1130000000000001E-3","1.25E-3","1.3489999999999999E-3","1.2329999999999999E-3","1.1429999999999999E-3","1.1609999999999999E-3","1.124E-3","1.016E-3","9.8900000000000008E-4","9.3050000000000001E-4","8.8250000000000004E-4","8.9499999999999996E-4","9.6259999999999998E-4","1.054E-3","1.1349999999999999E-3","1.1850000000000001E-3","1.3829999999999999E-3","1.6000000000000001E-3","1.8489999999999999E-3","3.101E-3","1.3780000000000001E-2","2.7140000000000001E-2","3.2030000000000003E-2","5.1909999999999998E-2","5.4960000000000002E-2","5.577E-2","5.5019999999999999E-2","6.0359999999999997E-2","6.293E-2","6.4149999999999999E-2","6.5879999999999994E-2","6.7729999999999999E-2","7.1099999999999997E-2","7.2470000000000007E-2","7.5939999999999994E-2","7.5620000000000007E-2","7.7630000000000005E-2","7.9899999999999999E-2","8.3979999999999999E-2","9.0289999999999995E-2","9.5640000000000003E-2","9.98E-2","0.1018","0.1038","0.1052","0.1081","0.11360000000000001","0.1193","0.126","0.13900000000000001","0.1661","0.1946","0.2268","0.26779999999999998","0.30109999999999998","0.34849999999999998","0.42220000000000002","0.50119999999999998","0.58309999999999995","0.67049999999999998","0.74139999999999995","0.80520000000000003","0.85429999999999995","0.89370000000000005","0.93799999999999994","1","1.0609999999999999","1.129","1.1900999999999999","1.2401","1.2887999999999999","1.3579000000000001","1.4108000000000001","1.4353","1.4611000000000001","1.4842","1.5222","1.5629","1.6009","1.6403000000000001","1.6729000000000001","1.7014","1.7354000000000001","1.7652000000000001","1.8223","1.8358000000000001","1.8644000000000001","1.9147000000000001","1.9724999999999999","1.9948999999999999","1.9985999999999999","1.9966999999999999","1.9946999999999999","2.0167000000000002","2.0387","2.0486","2.0426000000000002"
"1990","2.017E-4","2.03E-4","1.9709999999999999E-4","1.916E-4","1.884E-4","1.9039999999999999E-4","1.951E-4","2.03E-4","2.042E-4","2.0709999999999999E-4","2.1350000000000001E-4","2.4130000000000001E-4","2.5589999999999999E-4","2.6200000000000003E-4","2.6200000000000003E-4","2.374E-4","2.4699999999999999E-4","2.3790000000000001E-4","2.3489999999999999E-4","2.4350000000000001E-4","2.2780000000000001E-4","2.2240000000000001E-4","2.153E-4","2.1110000000000001E-4","2.1579999999999999E-4","2.1550000000000001E-4","2.1499999999999999E-4","2.1770000000000001E-4","2.2139999999999999E-4","2.2929999999999999E-4","2.285E-4","2.2660000000000001E-4","2.2169999999999999E-4","2.207E-4","2.1939999999999999E-4","2.185E-4","2.1800000000000001E-4","2.1939999999999999E-4","2.1599999999999999E-4","2.1699999999999999E-4","2.1719999999999999E-4","2.1579999999999999E-4","2.221E-4","2.2489999999999999E-4","2.251E-4","2.2929999999999999E-4","2.4010000000000001E-4","2.376E-4","2.31E-4","2.374E-4","2.433E-4","2.455E-4","2.4600000000000002E-4","2.4600000000000002E-4","2.632E-4","3.2939999999999998E-4","4.6589999999999999E-4","6.4970000000000002E-4","6.5959999999999999E-4","8.6669999999999998E-4","1.0250000000000001E-3","1.0189999999999999E-3","1.013E-3","1.049E-3","1.178E-3","1.271E-3","1.1620000000000001E-3","1.077E-3","1.0939999999999999E-3","1.06E-3","9.5719999999999996E-4","9.3210000000000005E-4","8.7699999999999996E-4","8.3180000000000005E-4","8.4360000000000001E-4","9.0729999999999999E-4","9.9310000000000002E-4","1.0690000000000001E-3","1.1169999999999999E-3","1.3029999999999999E-3","1.508E-3","1.743E-3","2.9229999999999998E-3","1.299E-2","2.5579999999999999E-2","3.0190000000000002E-2","4.8930000000000001E-2","5.1799999999999999E-2","5.2560000000000003E-2","5.1860000000000003E-2","5.6890000000000003E-2","5.9310000000000002E-2","6.046E-2","6.2089999999999999E-2","6.3829999999999998E-2","6.701E-2","6.83E-2","7.1580000000000005E-2","7.1279999999999996E-2","7.3169999999999999E-2","7.5310000000000002E-2","7.9149999999999998E-2","8.5099999999999995E-2","9.0139999999999998E-2","9.4060000000000005E-2","9.5939999999999998E-2","9.7860000000000003E-2","9.9110000000000004E-2","0.1019","0.1071","0.1124","0.1187","0.13109999999999999","0.1565","0.18340000000000001","0.2137","0.25240000000000001","0.2838","0.32850000000000001","0.39789999999999998","0.4723","0.54949999999999999","0.63190000000000002","0.69879999999999998","0.75890000000000002","0.80520000000000003","0.84230000000000005","0.8841","0.9425","1","1.0641","1.1215999999999999","1.1688000000000001","1.2146999999999999","1.2798","1.3297000000000001","1.3528","1.3771","1.3988","1.4347000000000001","1.4731000000000001","1.5088999999999999","1.546","1.5767","1.6035999999999999","1.6355999999999999","1.6637","1.7175","1.7302999999999999","1.7572000000000001","1.8046","1.8591","1.8802000000000001","1.8836999999999999","1.8818999999999999","1.88","1.9007000000000001","1.9214","1.9309000000000001","1.9252"
"1991","1.896E-4","1.907E-4","1.852E-4","1.8009999999999999E-4","1.771E-4","1.7890000000000001E-4","1.8330000000000001E-4","1.907E-4","1.919E-4","1.9469999999999999E-4","2.007E-4","2.2680000000000001E-4","2.4039999999999999E-4","2.4620000000000002E-4","2.4620000000000002E-4","2.231E-4","2.321E-4","2.2359999999999999E-4","2.208E-4","2.2890000000000001E-4","2.141E-4","2.0900000000000001E-4","2.0230000000000001E-4","1.984E-4","2.028E-4","2.0249999999999999E-4","2.0210000000000001E-4","2.0460000000000001E-4","2.0809999999999999E-4","2.1550000000000001E-4","2.1479999999999999E-4","2.129E-4","2.0829999999999999E-4","2.074E-4","2.062E-4","2.053E-4","2.0479999999999999E-4","2.062E-4","2.03E-4","2.039E-4","2.041E-4","2.028E-4","2.0880000000000001E-4","2.1130000000000001E-4","2.1149999999999999E-4","2.1550000000000001E-4","2.2560000000000001E-4","2.2330000000000001E-4","2.1709999999999999E-4","2.231E-4","2.286E-4","2.307E-4","2.3120000000000001E-4","2.3120000000000001E-4","2.474E-4","3.0959999999999999E-4","4.3790000000000002E-4","6.1059999999999999E-4","6.198E-4","8.1450000000000001E-4","9.636E-4","9.5779999999999997E-4","9.523E-4","9.858E-4","1.1069999999999999E-3","1.1950000000000001E-3","1.0920000000000001E-3","1.0120000000000001E-3","1.0280000000000001E-3","9.9569999999999997E-4","8.9959999999999997E-4","8.7600000000000004E-4","8.2419999999999998E-4","7.8169999999999997E-4","7.9279999999999997E-4","8.5260000000000002E-4","9.3329999999999997E-4","1.005E-3","1.049E-3","1.225E-3","1.4170000000000001E-3","1.6379999999999999E-3","2.7469999999999999E-3","1.221E-2","2.4039999999999999E-2","2.8369999999999999E-2","4.598E-2","4.8680000000000001E-2","4.9399999999999999E-2","4.8730000000000002E-2","5.3469999999999997E-2","5.5739999999999998E-2","5.6820000000000002E-2","5.8349999999999999E-2","5.9990000000000002E-2","6.2969999999999998E-2","6.4189999999999997E-2","6.726E-2","6.6979999999999998E-2","6.8760000000000002E-2","7.077E-2","7.4380000000000002E-2","7.9969999999999999E-2","8.4709999999999994E-2","8.8389999999999996E-2","9.0160000000000004E-2","9.1969999999999996E-2","9.3140000000000001E-2","9.5750000000000002E-2","0.10059999999999999","0.1057","0.1116","0.1232","0.14710000000000001","0.1724","0.20080000000000001","0.23719999999999999","0.26669999999999999","0.30869999999999997","0.374","0.44390000000000002","0.51639999999999997","0.59389999999999998","0.65669999999999995","0.71319999999999995","0.75670000000000004","0.79159999999999997","0.83079999999999998","0.88570000000000004","0.93979999999999997","1","1.0541","1.0984","1.1415999999999999","1.2027000000000001","1.2496","1.2713000000000001","1.2941","1.3146","1.3482000000000001","1.3843000000000001","1.4179999999999999","1.4529000000000001","1.4818","1.5069999999999999","1.5370999999999999","1.5634999999999999","1.6140000000000001","1.6261000000000001","1.6513","1.6959","1.7471000000000001","1.7668999999999999","1.7702","1.7685999999999999","1.7667999999999999","1.7863","1.8057000000000001","1.8146","1.8092999999999999"
"1992","1.7980000000000001E-4","1.8090000000000001E-4","1.7569999999999999E-4","1.7090000000000001E-4","1.6799999999999999E-4","1.6980000000000001E-4","1.739E-4","1.8090000000000001E-4","1.8200000000000001E-4","1.8469999999999999E-4","1.9039999999999999E-4","2.152E-4","2.2809999999999999E-4","2.3360000000000001E-4","2.3360000000000001E-4","2.117E-4","2.2020000000000001E-4","2.1210000000000001E-4","2.095E-4","2.1709999999999999E-4","2.031E-4","1.983E-4","1.919E-4","1.8819999999999999E-4","1.9239999999999999E-4","1.9210000000000001E-4","1.917E-4","1.941E-4","1.974E-4","2.0440000000000001E-4","2.0379999999999999E-4","2.02E-4","1.9760000000000001E-4","1.9670000000000001E-4","1.9560000000000001E-4","1.9479999999999999E-4","1.9430000000000001E-4","1.9560000000000001E-4","1.9259999999999999E-4","1.9340000000000001E-4","1.9369999999999999E-4","1.9239999999999999E-4","1.9809999999999999E-4","2.0049999999999999E-4","2.007E-4","2.0440000000000001E-4","2.141E-4","2.119E-4","2.0589999999999999E-4","2.117E-4","2.1689999999999999E-4","2.1890000000000001E-4","2.1929999999999999E-4","2.1929999999999999E-4","2.3470000000000001E-4","2.9369999999999998E-4","4.1540000000000001E-4","5.7919999999999998E-4","5.8799999999999998E-4","7.7269999999999997E-4","9.142E-4","9.0870000000000002E-4","9.0339999999999995E-4","9.3519999999999996E-4","1.0510000000000001E-3","1.1329999999999999E-3","1.036E-3","9.6020000000000003E-4","9.7559999999999997E-4","9.4459999999999998E-4","8.5340000000000004E-4","8.3100000000000003E-4","7.8189999999999998E-4","7.4149999999999997E-4","7.5210000000000001E-4","8.0889999999999998E-4","8.8540000000000005E-4","9.5339999999999997E-4","9.9550000000000007E-4","1.1620000000000001E-3","1.3439999999999999E-3","1.554E-3","2.6059999999999998E-3","1.158E-2","2.281E-2","2.6919999999999999E-2","4.3619999999999999E-2","4.6179999999999999E-2","4.6859999999999999E-2","4.623E-2","5.0720000000000001E-2","5.2880000000000003E-2","5.391E-2","5.5359999999999999E-2","5.6910000000000002E-2","5.9740000000000001E-2","6.0900000000000003E-2","6.3810000000000006E-2","6.3549999999999995E-2","6.5229999999999996E-2","6.7140000000000005E-2","7.0559999999999998E-2","7.5870000000000007E-2","8.0369999999999997E-2","8.3860000000000004E-2","8.5540000000000005E-2","8.7249999999999994E-2","8.8359999999999994E-2","9.0840000000000004E-2","9.5460000000000003E-2","0.1002","0.10589999999999999","0.1168","0.1396","0.16350000000000001","0.1905","0.22500000000000001","0.253","0.29289999999999999","0.3548","0.42109999999999997","0.4899","0.56340000000000001","0.623","0.67659999999999998","0.71779999999999999","0.751","0.78820000000000001","0.84030000000000005","0.89149999999999996","0.94869999999999999","1","1.042","1.083","1.141","1.1855","1.206","1.2277","1.2471000000000001","1.2790999999999999","1.3132999999999999","1.3452","1.3783000000000001","1.4056999999999999","1.4297","1.4581999999999999","1.4833000000000001","1.5311999999999999","1.5426","1.5666","1.6089","1.6575","1.6762999999999999","1.6794","1.6778","1.6760999999999999","1.6946000000000001","1.7131000000000001","1.7214","1.7163999999999999"
"1993","1.7259999999999999E-4","1.7369999999999999E-4","1.6860000000000001E-4","1.64E-4","1.6119999999999999E-4","1.629E-4","1.6689999999999999E-4","1.7369999999999999E-4","1.7469999999999999E-4","1.772E-4","1.827E-4","2.065E-4","2.1890000000000001E-4","2.242E-4","2.242E-4","2.031E-4","2.1130000000000001E-4","2.0350000000000001E-4","2.0100000000000001E-4","2.084E-4","1.9489999999999999E-4","1.9029999999999999E-4","1.8420000000000001E-4","1.806E-4","1.8459999999999999E-4","1.8440000000000001E-4","1.84E-4","1.863E-4","1.894E-4","1.962E-4","1.9550000000000001E-4","1.939E-4","1.896E-4","1.8880000000000001E-4","1.8780000000000001E-4","1.8689999999999999E-4","1.8650000000000001E-4","1.8780000000000001E-4","1.8479999999999999E-4","1.8569999999999999E-4","1.8589999999999999E-4","1.8459999999999999E-4","1.9010000000000001E-4","1.9239999999999999E-4","1.9259999999999999E-4","1.962E-4","2.0540000000000001E-4","2.0330000000000001E-4","1.9760000000000001E-4","2.031E-4","2.0819999999999999E-4","2.1010000000000001E-4","2.1049999999999999E-4","2.1049999999999999E-4","2.252E-4","2.8180000000000002E-4","3.9869999999999999E-4","5.5590000000000001E-4","5.643E-4","7.4149999999999997E-4","8.7730000000000002E-4","8.721E-4","8.6700000000000004E-4","8.9749999999999997E-4","1.008E-3","1.088E-3","9.9430000000000004E-4","9.2150000000000001E-4","9.3630000000000004E-4","9.0660000000000003E-4","8.1899999999999996E-4","7.9750000000000003E-4","7.5040000000000003E-4","7.1170000000000001E-4","7.2179999999999998E-4","7.7629999999999995E-4","8.497E-4","9.1500000000000001E-4","9.5540000000000002E-4","1.1150000000000001E-3","1.2899999999999999E-3","1.4909999999999999E-3","2.5010000000000002E-3","1.111E-2","2.189E-2","2.5829999999999999E-2","4.1860000000000001E-2","4.4319999999999998E-2","4.4970000000000003E-2","4.437E-2","4.8680000000000001E-2","5.0750000000000003E-2","5.1729999999999998E-2","5.3120000000000001E-2","5.4620000000000002E-2","5.7329999999999999E-2","5.8439999999999999E-2","6.1240000000000003E-2","6.0979999999999999E-2","6.2600000000000003E-2","6.4430000000000001E-2","6.7720000000000002E-2","7.281E-2","7.7130000000000004E-2","8.0479999999999996E-2","8.2089999999999996E-2","8.3729999999999999E-2","8.48E-2","8.7179999999999994E-2","9.1609999999999997E-2","9.6189999999999998E-2","0.1016","0.11210000000000001","0.13389999999999999","0.15690000000000001","0.18290000000000001","0.216","0.24279999999999999","0.28100000000000003","0.34050000000000002","0.40410000000000001","0.47020000000000001","0.54069999999999996","0.59789999999999999","0.64929999999999999","0.68889999999999996","0.72070000000000001","0.75639999999999996","0.80640000000000001","0.85560000000000003","0.91039999999999999","0.9597","1","1.0392999999999999","1.095","1.1376999999999999","1.1574","1.1781999999999999","1.1968000000000001","1.2275","1.2604","1.2909999999999999","1.3228","1.3491","1.3720000000000001","1.3994","1.4235","1.4695","1.4804999999999999","1.5034000000000001","1.544","1.5906","1.6087","1.6116999999999999","1.6102000000000001","1.6086","1.6263000000000001","1.6439999999999999","1.6520999999999999","1.6472"
"1994","1.661E-4","1.671E-4","1.6220000000000001E-4","1.5779999999999999E-4","1.551E-4","1.5669999999999999E-4","1.606E-4","1.671E-4","1.6809999999999999E-4","1.705E-4","1.7579999999999999E-4","1.9870000000000001E-4","2.106E-4","2.1570000000000001E-4","2.1570000000000001E-4","1.9540000000000001E-4","2.0330000000000001E-4","1.9579999999999999E-4","1.9340000000000001E-4","2.0049999999999999E-4","1.875E-4","1.8310000000000001E-4","1.772E-4","1.738E-4","1.7760000000000001E-4","1.774E-4","1.7699999999999999E-4","1.7919999999999999E-4","1.8230000000000001E-4","1.8870000000000001E-4","1.8809999999999999E-4","1.8650000000000001E-4","1.8249999999999999E-4","1.817E-4","1.806E-4","1.7980000000000001E-4","1.794E-4","1.806E-4","1.7780000000000001E-4","1.786E-4","1.7880000000000001E-4","1.7760000000000001E-4","1.829E-4","1.851E-4","1.853E-4","1.8870000000000001E-4","1.9770000000000001E-4","1.9560000000000001E-4","1.9019999999999999E-4","1.9540000000000001E-4","2.0029999999999999E-4","2.0210000000000001E-4","2.0249999999999999E-4","2.0249999999999999E-4","2.1670000000000001E-4","2.7119999999999998E-4","3.836E-4","5.3490000000000005E-4","5.4299999999999997E-4","7.1350000000000005E-4","8.4409999999999997E-4","8.3900000000000001E-4","8.342E-4","8.6350000000000001E-4","9.701E-4","1.0460000000000001E-3","9.567E-4","8.8659999999999997E-4","9.0079999999999999E-4","8.7230000000000001E-4","7.8799999999999996E-4","7.6729999999999995E-4","7.2199999999999999E-4","6.847E-4","6.9439999999999997E-4","7.4689999999999999E-4","8.1760000000000003E-4","8.8040000000000004E-4","9.1920000000000001E-4","1.073E-3","1.2409999999999999E-3","1.4350000000000001E-3","2.4060000000000002E-3","1.069E-2","2.1059999999999999E-2","2.4850000000000001E-2","4.0280000000000003E-2","4.2639999999999997E-2","4.3270000000000003E-2","4.2689999999999999E-2","4.6829999999999997E-2","4.8820000000000002E-2","4.9779999999999998E-2","5.1110000000000003E-2","5.2549999999999999E-2","5.5160000000000001E-2","5.6230000000000002E-2","5.892E-2","5.8680000000000003E-2","6.0229999999999999E-2","6.1990000000000003E-2","6.5159999999999996E-2","7.0050000000000001E-2","7.4209999999999998E-2","7.7429999999999999E-2","7.8979999999999995E-2","8.0560000000000007E-2","8.1589999999999996E-2","8.3879999999999996E-2","8.8139999999999996E-2","9.2549999999999993E-2","9.7750000000000004E-2","0.1079","0.12889999999999999","0.151","0.1759","0.20780000000000001","0.2336","0.27039999999999997","0.3276","0.38879999999999998","0.45240000000000002","0.5202","0.57520000000000004","0.62470000000000003","0.66279999999999994","0.69340000000000002","0.7278","0.77590000000000003","0.82320000000000004","0.876","0.9234","0.96209999999999996","1","1.0536000000000001","1.0946","1.1135999999999999","1.1335999999999999","1.1515","1.181","1.2125999999999999","1.2421","1.2726999999999999","1.298","1.3201000000000001","1.3464","1.3695999999999999","1.4138999999999999","1.4244000000000001","1.4464999999999999","1.4856","1.5304","1.5478000000000001","1.5507","1.5491999999999999","1.5477000000000001","1.5647","1.5818000000000001","1.5894999999999999","1.5849"
"1995","1.5760000000000001E-4","1.5860000000000001E-4","1.54E-4","1.4970000000000001E-4","1.472E-4","1.4880000000000001E-4","1.5239999999999999E-4","1.5860000000000001E-4","1.595E-4","1.6190000000000001E-4","1.6689999999999999E-4","1.886E-4","1.9990000000000001E-4","2.0469999999999999E-4","2.0469999999999999E-4","1.8550000000000001E-4","1.93E-4","1.8589999999999999E-4","1.8359999999999999E-4","1.9029999999999999E-4","1.7799999999999999E-4","1.738E-4","1.682E-4","1.649E-4","1.6860000000000001E-4","1.684E-4","1.6799999999999999E-4","1.7009999999999999E-4","1.73E-4","1.7919999999999999E-4","1.786E-4","1.7699999999999999E-4","1.7320000000000001E-4","1.7239999999999999E-4","1.7149999999999999E-4","1.707E-4","1.7029999999999999E-4","1.7149999999999999E-4","1.6880000000000001E-4","1.695E-4","1.697E-4","1.6860000000000001E-4","1.7359999999999999E-4","1.7569999999999999E-4","1.7589999999999999E-4","1.7919999999999999E-4","1.8760000000000001E-4","1.8569999999999999E-4","1.805E-4","1.8550000000000001E-4","1.9010000000000001E-4","1.918E-4","1.9220000000000001E-4","1.9220000000000001E-4","2.0570000000000001E-4","2.5740000000000002E-4","3.6410000000000001E-4","5.0770000000000003E-4","5.1539999999999995E-4","6.7719999999999998E-4","8.0119999999999996E-4","7.9639999999999995E-4","7.9179999999999995E-4","8.1959999999999997E-4","9.2080000000000005E-4","9.9320000000000007E-4","9.0810000000000001E-4","8.4159999999999997E-4","8.5499999999999997E-4","8.2790000000000001E-4","7.4790000000000002E-4","7.2829999999999998E-4","6.8530000000000002E-4","6.4990000000000002E-4","6.5910000000000003E-4","7.0890000000000005E-4","7.76E-4","8.3560000000000004E-4","8.7250000000000001E-4","1.018E-3","1.178E-3","1.3619999999999999E-3","2.284E-3","1.0149999999999999E-2","1.9990000000000001E-2","2.359E-2","3.823E-2","4.0480000000000002E-2","4.1070000000000002E-2","4.052E-2","4.4450000000000003E-2","4.6339999999999999E-2","4.7239999999999997E-2","4.8520000000000001E-2","4.9880000000000001E-2","5.2359999999999997E-2","5.3370000000000001E-2","5.5930000000000001E-2","5.5690000000000003E-2","5.7169999999999999E-2","5.8840000000000003E-2","6.1839999999999999E-2","6.6489999999999994E-2","7.0440000000000003E-2","7.3499999999999996E-2","7.4969999999999995E-2","7.6469999999999996E-2","7.7439999999999995E-2","7.961E-2","8.3659999999999998E-2","8.7849999999999998E-2","9.2780000000000001E-2","0.1024","0.12230000000000001","0.14330000000000001","0.16700000000000001","0.19719999999999999","0.2218","0.25669999999999998","0.31090000000000001","0.36909999999999998","0.4294","0.49380000000000002","0.54600000000000004","0.59299999999999997","0.62909999999999999","0.65820000000000001","0.69079999999999997","0.73640000000000005","0.78139999999999998","0.83140000000000003","0.87639999999999996","0.91320000000000001","0.94920000000000004","1","1.0389999999999999","1.0569999999999999","1.0760000000000001","1.093","1.121","1.151","1.179","1.208","1.232","1.2529999999999999","1.278","1.3","1.3420000000000001","1.3520000000000001","1.373","1.4100999999999999","1.4525999999999999","1.4691000000000001","1.4719","1.4704999999999999","1.4690000000000001","1.4852000000000001","1.5014000000000001","1.5086999999999999","1.5043"
"1996","1.517E-4","1.526E-4","1.482E-4","1.4410000000000001E-4","1.417E-4","1.4320000000000001E-4","1.4669999999999999E-4","1.526E-4","1.5359999999999999E-4","1.5579999999999999E-4","1.606E-4","1.8149999999999999E-4","1.9239999999999999E-4","1.9699999999999999E-4","1.9699999999999999E-4","1.785E-4","1.8569999999999999E-4","1.7890000000000001E-4","1.7670000000000001E-4","1.8320000000000001E-4","1.7129999999999999E-4","1.672E-4","1.6190000000000001E-4","1.5870000000000001E-4","1.6229999999999999E-4","1.6210000000000001E-4","1.617E-4","1.6369999999999999E-4","1.6650000000000001E-4","1.7239999999999999E-4","1.719E-4","1.7039999999999999E-4","1.6670000000000001E-4","1.66E-4","1.65E-4","1.6430000000000001E-4","1.639E-4","1.65E-4","1.6239999999999999E-4","1.6320000000000001E-4","1.6339999999999999E-4","1.6229999999999999E-4","1.671E-4","1.6909999999999999E-4","1.693E-4","1.7239999999999999E-4","1.806E-4","1.7870000000000001E-4","1.7369999999999999E-4","1.785E-4","1.83E-4","1.8459999999999999E-4","1.85E-4","1.85E-4","1.9799999999999999E-4","2.477E-4","3.5040000000000001E-4","4.8859999999999995E-4","4.9600000000000002E-4","6.5180000000000001E-4","7.7110000000000004E-4","7.6650000000000004E-4","7.6210000000000004E-4","7.8890000000000004E-4","8.8619999999999997E-4","9.5589999999999998E-4","8.7399999999999999E-4","8.0999999999999996E-4","8.229E-4","7.9679999999999996E-4","7.1989999999999999E-4","7.0100000000000002E-4","6.5959999999999999E-4","6.2549999999999997E-4","6.3440000000000002E-4","6.8230000000000005E-4","7.4689999999999999E-4","8.0420000000000003E-4","8.3980000000000003E-4","9.7999999999999997E-4","1.134E-3","1.3110000000000001E-3","2.1979999999999999E-3","9.7669999999999996E-3","1.924E-2","2.2700000000000001E-2","3.6790000000000003E-2","3.8960000000000002E-2","3.9530000000000003E-2","3.9E-2","4.2790000000000002E-2","4.4600000000000001E-2","4.5469999999999997E-2","4.6690000000000002E-2","4.8000000000000001E-2","5.0389999999999997E-2","5.1369999999999999E-2","5.3830000000000003E-2","5.3600000000000002E-2","5.5030000000000003E-2","5.663E-2","5.9520000000000003E-2","6.4000000000000001E-2","6.7790000000000003E-2","7.0739999999999997E-2","7.2150000000000006E-2","7.3599999999999999E-2","7.4529999999999999E-2","7.6630000000000004E-2","8.0519999999999994E-2","8.455E-2","8.9300000000000004E-2","9.8559999999999995E-2","0.1177","0.13789999999999999","0.16070000000000001","0.1898","0.21340000000000001","0.247","0.29930000000000001","0.35520000000000002","0.4133","0.47520000000000001","0.52549999999999997","0.57069999999999999","0.60550000000000004","0.63349999999999995","0.66490000000000005","0.70879999999999999","0.752","0.80020000000000002","0.84350000000000003","0.879","0.91349999999999998","0.96250000000000002","1","1.0173000000000001","1.0356000000000001","1.052","1.0789","1.1077999999999999","1.1347","1.1627000000000001","1.1858","1.206","1.23","1.2512000000000001","1.2916000000000001","1.3012999999999999","1.3214999999999999","1.3571","1.3980999999999999","1.4139999999999999","1.4166000000000001","1.4153","1.4138999999999999","1.4294","1.4450000000000001","1.4520999999999999","1.4478"
"1997","1.4909999999999999E-4","1.4999999999999999E-4","1.4569999999999999E-4","1.417E-4","1.393E-4","1.4080000000000001E-4","1.4420000000000001E-4","1.4999999999999999E-4","1.5090000000000001E-4","1.5310000000000001E-4","1.5789999999999999E-4","1.784E-4","1.8909999999999999E-4","1.9369999999999999E-4","1.9369999999999999E-4","1.7550000000000001E-4","1.8259999999999999E-4","1.7589999999999999E-4","1.7369999999999999E-4","1.8000000000000001E-4","1.684E-4","1.6440000000000001E-4","1.5909999999999999E-4","1.56E-4","1.595E-4","1.593E-4","1.5890000000000001E-4","1.6090000000000001E-4","1.6369999999999999E-4","1.695E-4","1.6890000000000001E-4","1.6750000000000001E-4","1.639E-4","1.6310000000000001E-4","1.6220000000000001E-4","1.615E-4","1.6110000000000001E-4","1.6220000000000001E-4","1.5970000000000001E-4","1.604E-4","1.606E-4","1.595E-4","1.6420000000000001E-4","1.662E-4","1.6640000000000001E-4","1.695E-4","1.775E-4","1.7569999999999999E-4","1.708E-4","1.7550000000000001E-4","1.7990000000000001E-4","1.8149999999999999E-4","1.819E-4","1.819E-4","1.9459999999999999E-4","2.4350000000000001E-4","3.4440000000000002E-4","4.8030000000000002E-4","4.8759999999999998E-4","6.4070000000000002E-4","7.5799999999999999E-4","7.5339999999999999E-4","7.4910000000000005E-4","7.7539999999999998E-4","8.7109999999999998E-4","9.3970000000000002E-4","8.5910000000000001E-4","7.9619999999999995E-4","8.0889999999999998E-4","7.8330000000000001E-4","7.0759999999999996E-4","6.891E-4","6.4829999999999998E-4","6.1490000000000004E-4","6.2359999999999998E-4","6.7069999999999999E-4","7.3419999999999996E-4","7.9049999999999997E-4","8.2549999999999995E-4","9.6330000000000005E-4","1.1150000000000001E-3","1.2880000000000001E-3","2.16E-3","9.6010000000000002E-3","1.891E-2","2.232E-2","3.6170000000000001E-2","3.8289999999999998E-2","3.8859999999999999E-2","3.8330000000000003E-2","4.206E-2","4.3839999999999997E-2","4.4699999999999997E-2","4.5900000000000003E-2","4.7190000000000003E-2","4.9540000000000001E-2","5.049E-2","5.2909999999999999E-2","5.2690000000000001E-2","5.4089999999999999E-2","5.5669999999999997E-2","5.851E-2","6.2909999999999994E-2","6.6640000000000005E-2","6.9529999999999995E-2","7.0919999999999997E-2","7.2340000000000002E-2","7.3260000000000006E-2","7.5319999999999998E-2","7.9149999999999998E-2","8.3110000000000003E-2","8.7779999999999997E-2","9.6879999999999994E-2","0.1157","0.1356","0.158","0.18659999999999999","0.20979999999999999","0.24279999999999999","0.29420000000000002","0.34920000000000001","0.40620000000000001","0.46710000000000002","0.51659999999999995","0.56100000000000005","0.59519999999999995","0.62270000000000003","0.65349999999999997","0.69669999999999999","0.73919999999999997","0.78659999999999997","0.82920000000000005","0.86399999999999999","0.89800000000000002","0.94610000000000005","0.98299999999999998","1","1.018","1.0341","1.0605","1.0889","1.1153999999999999","1.1429","1.1656","1.1854","1.2091000000000001","1.2299","1.2696000000000001","1.2790999999999999","1.2989999999999999","1.3340000000000001","1.3743000000000001","1.3898999999999999","1.3925000000000001","1.3912","1.3897999999999999","1.4051","1.4204000000000001","1.4274","1.4232"
"1998","1.4650000000000001E-4","1.474E-4","1.4310000000000001E-4","1.392E-4","1.3679999999999999E-4","1.383E-4","1.417E-4","1.474E-4","1.483E-4","1.504E-4","1.551E-4","1.7530000000000001E-4","1.8579999999999999E-4","1.9029999999999999E-4","1.9029999999999999E-4","1.7239999999999999E-4","1.794E-4","1.728E-4","1.706E-4","1.7689999999999999E-4","1.6540000000000001E-4","1.615E-4","1.563E-4","1.5330000000000001E-4","1.5669999999999999E-4","1.5650000000000001E-4","1.561E-4","1.5809999999999999E-4","1.6080000000000001E-4","1.6650000000000001E-4","1.66E-4","1.6449999999999999E-4","1.6100000000000001E-4","1.6019999999999999E-4","1.594E-4","1.5860000000000001E-4","1.583E-4","1.594E-4","1.5689999999999999E-4","1.5760000000000001E-4","1.5770000000000001E-4","1.5669999999999999E-4","1.6129999999999999E-4","1.6330000000000001E-4","1.6349999999999999E-4","1.6650000000000001E-4","1.7440000000000001E-4","1.7259999999999999E-4","1.6780000000000001E-4","1.7239999999999999E-4","1.7670000000000001E-4","1.783E-4","1.786E-4","1.786E-4","1.9120000000000001E-4","2.3919999999999999E-4","3.3839999999999999E-4","4.7179999999999998E-4","4.7899999999999999E-4","6.2940000000000001E-4","7.4459999999999999E-4","7.4010000000000005E-4","7.358E-4","7.6179999999999998E-4","8.5570000000000004E-4","9.2310000000000005E-4","8.4389999999999997E-4","7.8209999999999998E-4","7.9460000000000002E-4","7.6940000000000005E-4","6.9510000000000004E-4","6.7690000000000003E-4","6.3690000000000003E-4","6.0400000000000004E-4","6.1260000000000004E-4","6.5890000000000002E-4","7.2119999999999997E-4","7.7660000000000001E-4","8.1090000000000003E-4","9.4629999999999996E-4","1.0950000000000001E-3","1.266E-3","2.1220000000000002E-3","9.4319999999999994E-3","1.8579999999999999E-2","2.1919999999999999E-2","3.5529999999999999E-2","3.7620000000000001E-2","3.8170000000000003E-2","3.7659999999999999E-2","4.1309999999999999E-2","4.3069999999999997E-2","4.3909999999999998E-2","4.5089999999999998E-2","4.6350000000000002E-2","4.8660000000000002E-2","4.9599999999999998E-2","5.1979999999999998E-2","5.176E-2","5.3129999999999997E-2","5.4690000000000003E-2","5.7480000000000003E-2","6.1800000000000001E-2","6.5460000000000004E-2","6.83E-2","6.9669999999999996E-2","7.1059999999999998E-2","7.1970000000000006E-2","7.399E-2","7.775E-2","8.1640000000000004E-2","8.6230000000000001E-2","9.5170000000000005E-2","0.1137","0.13320000000000001","0.1552","0.18329999999999999","0.20610000000000001","0.23849999999999999","0.28899999999999998","0.34300000000000003","0.39910000000000001","0.45889999999999997","0.50739999999999996","0.55110000000000003","0.5847","0.61170000000000002","0.64200000000000002","0.68440000000000001","0.72619999999999996","0.77270000000000005","0.8145","0.84870000000000001","0.8821","0.9294","0.96560000000000001","0.98229999999999995","1","1.0158","1.0418000000000001","1.0697000000000001","1.0956999999999999","1.1227","1.145","1.1645000000000001","1.1877","1.2081999999999999","1.2472000000000001","1.2565","1.276","1.3105","1.35","1.3653","1.3678999999999999","1.3666","1.3653","1.3803000000000001","1.3953","1.4021999999999999","1.3980999999999999"
"1999","1.4420000000000001E-4","1.451E-4","1.4090000000000001E-4","1.37E-4","1.3469999999999999E-4","1.361E-4","1.395E-4","1.451E-4","1.46E-4","1.4809999999999999E-4","1.527E-4","1.7249999999999999E-4","1.829E-4","1.873E-4","1.873E-4","1.697E-4","1.7660000000000001E-4","1.7009999999999999E-4","1.6799999999999999E-4","1.741E-4","1.629E-4","1.5899999999999999E-4","1.539E-4","1.5090000000000001E-4","1.5420000000000001E-4","1.5410000000000001E-4","1.537E-4","1.5559999999999999E-4","1.583E-4","1.639E-4","1.6339999999999999E-4","1.6200000000000001E-4","1.585E-4","1.5779999999999999E-4","1.5689999999999999E-4","1.562E-4","1.5579999999999999E-4","1.5689999999999999E-4","1.5440000000000001E-4","1.551E-4","1.5530000000000001E-4","1.5420000000000001E-4","1.5880000000000001E-4","1.607E-4","1.6090000000000001E-4","1.639E-4","1.716E-4","1.6990000000000001E-4","1.651E-4","1.697E-4","1.739E-4","1.7550000000000001E-4","1.7589999999999999E-4","1.7589999999999999E-4","1.8819999999999999E-4","2.3550000000000001E-4","3.3310000000000002E-4","4.6450000000000001E-4","4.7150000000000002E-4","6.1959999999999999E-4","7.3300000000000004E-4","7.2860000000000004E-4","7.2440000000000004E-4","7.4989999999999996E-4","8.4239999999999998E-4","9.0870000000000002E-4","8.3080000000000003E-4","7.6999999999999996E-4","7.8229999999999999E-4","7.5750000000000004E-4","6.8429999999999999E-4","6.6640000000000004E-4","6.2699999999999995E-4","5.9460000000000003E-4","6.0309999999999997E-4","6.4860000000000004E-4","7.1000000000000002E-4","7.6449999999999999E-4","7.9830000000000005E-4","9.3159999999999998E-4","1.078E-3","1.2459999999999999E-3","2.0890000000000001E-3","9.2849999999999999E-3","1.8290000000000001E-2","2.1579999999999998E-2","3.4979999999999997E-2","3.703E-2","3.7580000000000002E-2","3.7069999999999999E-2","4.0669999999999998E-2","4.24E-2","4.3220000000000001E-2","4.4389999999999999E-2","4.5629999999999997E-2","4.7899999999999998E-2","4.8829999999999998E-2","5.117E-2","5.0950000000000002E-2","5.2310000000000002E-2","5.3839999999999999E-2","5.6579999999999998E-2","6.0839999999999998E-2","6.4439999999999997E-2","6.7239999999999994E-2","6.8589999999999998E-2","6.9959999999999994E-2","7.0849999999999996E-2","7.2840000000000002E-2","7.6539999999999997E-2","8.0369999999999997E-2","8.4889999999999993E-2","9.3689999999999996E-2","0.1119","0.13109999999999999","0.15279999999999999","0.1804","0.2029","0.23480000000000001","0.28449999999999998","0.3377","0.39290000000000003","0.45179999999999998","0.4995","0.54249999999999998","0.5756","0.60219999999999996","0.63200000000000001","0.67379999999999995","0.71489999999999998","0.76070000000000004","0.80189999999999995","0.83550000000000002","0.86839999999999995","0.91490000000000005","0.9506","0.96709999999999996","0.98440000000000005","1","1.0256000000000001","1.0530999999999999","1.0787","1.1052","1.1272","1.1464000000000001","1.1693","1.1894","1.2278","1.2370000000000001","1.2562","1.2901","1.329","1.3441000000000001","1.3466","1.3453999999999999","1.3440000000000001","1.3588","1.3735999999999999","1.3803000000000001","1.3763000000000001"
"2000","1.406E-4","1.415E-4","1.3740000000000001E-4","1.3359999999999999E-4","1.314E-4","1.327E-4","1.36E-4","1.415E-4","1.4229999999999999E-4","1.4440000000000001E-4","1.4880000000000001E-4","1.682E-4","1.783E-4","1.8259999999999999E-4","1.8259999999999999E-4","1.6550000000000001E-4","1.7220000000000001E-4","1.6579999999999999E-4","1.638E-4","1.6980000000000001E-4","1.5880000000000001E-4","1.55E-4","1.4999999999999999E-4","1.471E-4","1.504E-4","1.5019999999999999E-4","1.4990000000000001E-4","1.518E-4","1.5430000000000001E-4","1.5980000000000001E-4","1.593E-4","1.5789999999999999E-4","1.5449999999999999E-4","1.538E-4","1.5300000000000001E-4","1.5229999999999999E-4","1.5190000000000001E-4","1.5300000000000001E-4","1.506E-4","1.5119999999999999E-4","1.5139999999999999E-4","1.504E-4","1.548E-4","1.5669999999999999E-4","1.5689999999999999E-4","1.5980000000000001E-4","1.674E-4","1.6559999999999999E-4","1.6100000000000001E-4","1.6550000000000001E-4","1.696E-4","1.7110000000000001E-4","1.7149999999999999E-4","1.7149999999999999E-4","1.8349999999999999E-4","2.296E-4","3.2479999999999998E-4","4.529E-4","4.5970000000000001E-4","6.0409999999999999E-4","7.1469999999999997E-4","7.1040000000000003E-4","7.0629999999999998E-4","7.3119999999999999E-4","8.2140000000000002E-4","8.8599999999999996E-4","8.1010000000000001E-4","7.5069999999999998E-4","7.6270000000000005E-4","7.3850000000000001E-4","6.6719999999999995E-4","6.4970000000000002E-4","6.1129999999999995E-4","5.798E-4","5.8799999999999998E-4","6.3239999999999998E-4","6.9220000000000002E-4","7.4540000000000001E-4","7.783E-4","9.0830000000000001E-4","1.0510000000000001E-3","1.2149999999999999E-3","2.0370000000000002E-3","9.0530000000000003E-3","1.7829999999999999E-2","2.104E-2","3.4099999999999998E-2","3.6110000000000003E-2","3.6639999999999999E-2","3.6139999999999999E-2","3.9660000000000001E-2","4.1340000000000002E-2","4.215E-2","4.3279999999999999E-2","4.4490000000000002E-2","4.6710000000000002E-2","4.761E-2","4.9889999999999997E-2","4.9680000000000002E-2","5.0999999999999997E-2","5.2490000000000002E-2","5.5169999999999997E-2","5.9319999999999998E-2","6.2829999999999997E-2","6.5559999999999993E-2","6.6869999999999999E-2","6.8210000000000007E-2","6.9080000000000003E-2","7.102E-2","7.4630000000000002E-2","7.8359999999999999E-2","8.2769999999999996E-2","9.1350000000000001E-2","0.1091","0.1278","0.14899999999999999","0.1759","0.1978","0.22900000000000001","0.27739999999999998","0.32919999999999999","0.3831","0.4405","0.48709999999999998","0.52890000000000004","0.56120000000000003","0.58709999999999996","0.61619999999999997","0.65700000000000003","0.69699999999999995","0.74170000000000003","0.78180000000000005","0.81469999999999998","0.84670000000000001","0.8921","0.92689999999999995","0.94289999999999996","0.95989999999999998","0.97499999999999998","1","1.0267999999999999","1.0517000000000001","1.0775999999999999","1.099","1.1177999999999999","1.1400999999999999","1.1597","1.1971000000000001","1.2060999999999999","1.2248000000000001","1.2579","1.2958000000000001","1.3105","1.3129999999999999","1.3118000000000001","1.3104","1.3249","1.3392999999999999","1.3459000000000001","1.3419000000000001"
"2001","1.3689999999999999E-4","1.3779999999999999E-4","1.338E-4","1.3009999999999999E-4","1.2789999999999999E-4","1.293E-4","1.3239999999999999E-4","1.3779999999999999E-4","1.3860000000000001E-4","1.406E-4","1.45E-4","1.638E-4","1.7369999999999999E-4","1.7789999999999999E-4","1.7789999999999999E-4","1.6119999999999999E-4","1.6770000000000001E-4","1.615E-4","1.595E-4","1.6530000000000001E-4","1.5459999999999999E-4","1.5100000000000001E-4","1.461E-4","1.4329999999999999E-4","1.4650000000000001E-4","1.4630000000000001E-4","1.46E-4","1.4779999999999999E-4","1.5029999999999999E-4","1.5569999999999999E-4","1.551E-4","1.538E-4","1.505E-4","1.4980000000000001E-4","1.4899999999999999E-4","1.483E-4","1.4799999999999999E-4","1.4899999999999999E-4","1.4660000000000001E-4","1.473E-4","1.4750000000000001E-4","1.4650000000000001E-4","1.5080000000000001E-4","1.526E-4","1.528E-4","1.5569999999999999E-4","1.63E-4","1.6129999999999999E-4","1.5679999999999999E-4","1.6119999999999999E-4","1.652E-4","1.6670000000000001E-4","1.6699999999999999E-4","1.6699999999999999E-4","1.7870000000000001E-4","2.2359999999999999E-4","3.1629999999999999E-4","4.4109999999999999E-4","4.4769999999999999E-4","5.8839999999999999E-4","6.9609999999999995E-4","6.9189999999999996E-4","6.8789999999999997E-4","7.1210000000000002E-4","8.0000000000000004E-4","8.629E-4","7.8890000000000004E-4","7.3119999999999999E-4","7.4279999999999995E-4","7.1929999999999997E-4","6.4979999999999997E-4","6.3279999999999999E-4","5.9540000000000005E-4","5.6459999999999995E-4","5.7269999999999999E-4","6.1589999999999995E-4","6.7420000000000002E-4","7.2599999999999997E-4","7.5799999999999999E-4","8.8460000000000003E-4","1.024E-3","1.183E-3","1.9840000000000001E-3","8.8170000000000002E-3","1.737E-2","2.0490000000000001E-2","3.3210000000000003E-2","3.517E-2","3.5680000000000003E-2","3.5200000000000002E-2","3.8620000000000002E-2","4.0259999999999997E-2","4.1050000000000003E-2","4.215E-2","4.333E-2","4.5490000000000003E-2","4.6370000000000001E-2","4.8590000000000001E-2","4.8390000000000002E-2","4.9669999999999999E-2","5.1119999999999999E-2","5.373E-2","5.7770000000000002E-2","6.1190000000000001E-2","6.3850000000000004E-2","6.5129999999999993E-2","6.6430000000000003E-2","6.7280000000000006E-2","6.9169999999999995E-2","7.2690000000000005E-2","7.6319999999999999E-2","8.0610000000000001E-2","8.8969999999999994E-2","0.10630000000000001","0.1245","0.14510000000000001","0.17130000000000001","0.19270000000000001","0.223","0.27010000000000001","0.32069999999999999","0.37309999999999999","0.42899999999999999","0.47439999999999999","0.51519999999999999","0.54659999999999997","0.57179999999999997","0.60019999999999996","0.63980000000000004","0.67889999999999995","0.72240000000000004","0.76139999999999997","0.79339999999999999","0.8246","0.86880000000000002","0.90269999999999995","0.91830000000000001","0.93479999999999996","0.9496","0.97389999999999999","1","1.0243","1.0495000000000001","1.0704","1.0886","1.1103000000000001","1.1294999999999999","1.1658999999999999","1.1746000000000001","1.1929000000000001","1.2251000000000001","1.2621","1.2764","1.2787999999999999","1.2776000000000001","1.2763","1.2903","1.3044","1.3108","1.3069999999999999"
"2002","1.337E-4","1.3449999999999999E-4","1.306E-4","1.27E-4","1.249E-4","1.262E-4","1.293E-4","1.3449999999999999E-4","1.3530000000000001E-4","1.373E-4","1.415E-4","1.5990000000000001E-4","1.696E-4","1.7359999999999999E-4","1.7359999999999999E-4","1.573E-4","1.6369999999999999E-4","1.5770000000000001E-4","1.5569999999999999E-4","1.6139999999999999E-4","1.5100000000000001E-4","1.474E-4","1.427E-4","1.3990000000000001E-4","1.4300000000000001E-4","1.428E-4","1.4249999999999999E-4","1.4430000000000001E-4","1.4669999999999999E-4","1.5200000000000001E-4","1.515E-4","1.5019999999999999E-4","1.4689999999999999E-4","1.462E-4","1.4540000000000001E-4","1.448E-4","1.4449999999999999E-4","1.4540000000000001E-4","1.4310000000000001E-4","1.438E-4","1.44E-4","1.4300000000000001E-4","1.472E-4","1.4899999999999999E-4","1.4919999999999999E-4","1.5200000000000001E-4","1.5909999999999999E-4","1.5750000000000001E-4","1.5310000000000001E-4","1.573E-4","1.6119999999999999E-4","1.627E-4","1.63E-4","1.63E-4","1.7450000000000001E-4","2.1829999999999999E-4","3.0880000000000002E-4","4.306E-4","4.371E-4","5.7439999999999998E-4","6.7960000000000004E-4","6.7549999999999999E-4","6.7159999999999995E-4","6.9519999999999998E-4","7.8100000000000001E-4","8.4239999999999998E-4","7.7019999999999996E-4","7.138E-4","7.2519999999999995E-4","7.0220000000000005E-4","6.3440000000000002E-4","6.1779999999999995E-4","5.8120000000000003E-4","5.5119999999999995E-4","5.5909999999999998E-4","6.0130000000000003E-4","6.5819999999999995E-4","7.0870000000000004E-4","7.3999999999999999E-4","8.6359999999999996E-4","9.9930000000000006E-4","1.155E-3","1.9369999999999999E-3","8.6079999999999993E-3","1.695E-2","2.001E-2","3.2419999999999997E-2","3.4329999999999999E-2","3.483E-2","3.4369999999999998E-2","3.7699999999999997E-2","3.9309999999999998E-2","4.0070000000000001E-2","4.1149999999999999E-2","4.2299999999999997E-2","4.4409999999999998E-2","4.5269999999999998E-2","4.7440000000000003E-2","4.7239999999999997E-2","4.8489999999999998E-2","4.9910000000000003E-2","5.2449999999999997E-2","5.6399999999999999E-2","5.9740000000000001E-2","6.234E-2","6.3579999999999998E-2","6.4860000000000001E-2","6.5680000000000002E-2","6.7530000000000007E-2","7.0959999999999995E-2","7.4510000000000007E-2","7.8689999999999996E-2","8.6860000000000007E-2","0.1037","0.1216","0.1416","0.1673","0.18809999999999999","0.2177","0.26369999999999999","0.313","0.36420000000000002","0.41880000000000001","0.46310000000000001","0.50290000000000001","0.53359999999999996","0.55830000000000002","0.58589999999999998","0.62460000000000004","0.66269999999999996","0.70520000000000005","0.74339999999999995","0.77459999999999996","0.80510000000000004","0.84819999999999995","0.88129999999999997","0.89649999999999996","0.91259999999999997","0.92710000000000004","0.95079999999999998","0.97629999999999995","1","1.0246","1.0449999999999999","1.0628","1.0840000000000001","1.1026","1.1383000000000001","1.1467000000000001","1.1645000000000001","1.196","1.2321","1.2461","1.2484","1.2472000000000001","1.246","1.2597","1.2734000000000001","1.2797000000000001","1.2759"
"2003","1.305E-4","1.3129999999999999E-4","1.2750000000000001E-4","1.2400000000000001E-4","1.219E-4","1.2320000000000001E-4","1.262E-4","1.3129999999999999E-4","1.3210000000000001E-4","1.34E-4","1.381E-4","1.561E-4","1.6550000000000001E-4","1.695E-4","1.695E-4","1.5359999999999999E-4","1.5980000000000001E-4","1.539E-4","1.5200000000000001E-4","1.5750000000000001E-4","1.474E-4","1.439E-4","1.392E-4","1.3650000000000001E-4","1.3960000000000001E-4","1.394E-4","1.3909999999999999E-4","1.4080000000000001E-4","1.4320000000000001E-4","1.483E-4","1.4779999999999999E-4","1.4660000000000001E-4","1.4339999999999999E-4","1.427E-4","1.4190000000000001E-4","1.4129999999999999E-4","1.4100000000000001E-4","1.4190000000000001E-4","1.3970000000000001E-4","1.403E-4","1.405E-4","1.3960000000000001E-4","1.437E-4","1.4540000000000001E-4","1.4559999999999999E-4","1.483E-4","1.5530000000000001E-4","1.537E-4","1.494E-4","1.5359999999999999E-4","1.574E-4","1.5880000000000001E-4","1.5909999999999999E-4","1.5909999999999999E-4","1.7029999999999999E-4","2.131E-4","3.0140000000000001E-4","4.2030000000000002E-4","4.2660000000000002E-4","5.6059999999999997E-4","6.6319999999999997E-4","6.5930000000000003E-4","6.5539999999999999E-4","6.7849999999999996E-4","7.6219999999999999E-4","8.2220000000000004E-4","7.517E-4","6.9669999999999997E-4","7.0779999999999997E-4","6.8539999999999996E-4","6.1919999999999998E-4","6.0289999999999996E-4","5.6729999999999997E-4","5.3799999999999996E-4","5.4560000000000003E-4","5.8690000000000001E-4","6.424E-4","6.9169999999999995E-4","7.2230000000000005E-4","8.4290000000000005E-4","9.7530000000000002E-4","1.127E-3","1.89E-3","8.4010000000000005E-3","1.6549999999999999E-2","1.9529999999999999E-2","3.1649999999999998E-2","3.3509999999999998E-2","3.4000000000000002E-2","3.354E-2","3.6799999999999999E-2","3.8359999999999998E-2","3.9109999999999999E-2","4.0160000000000001E-2","4.129E-2","4.3339999999999997E-2","4.4179999999999997E-2","4.6300000000000001E-2","4.6100000000000002E-2","4.7329999999999997E-2","4.8710000000000003E-2","5.1200000000000002E-2","5.5039999999999999E-2","5.8310000000000001E-2","6.0839999999999998E-2","6.2059999999999997E-2","6.3299999999999995E-2","6.411E-2","6.5909999999999996E-2","6.9260000000000002E-2","7.2720000000000007E-2","7.6810000000000003E-2","8.4769999999999998E-2","0.1013","0.1186","0.13819999999999999","0.1633","0.18360000000000001","0.21249999999999999","0.25740000000000002","0.30549999999999999","0.35549999999999998","0.40870000000000001","0.45200000000000001","0.4909","0.52080000000000004","0.54479999999999995","0.57179999999999997","0.60960000000000003","0.64680000000000004","0.68830000000000002","0.72550000000000003","0.75600000000000001","0.78569999999999995","0.82779999999999998","0.86009999999999998","0.875","0.89070000000000005","0.90480000000000005","0.92800000000000005","0.95279999999999998","0.97599999999999998","1","1.0199","1.0373000000000001","1.0579000000000001","1.0762","1.1109","1.1192","1.1366000000000001","1.1673","1.2024999999999999","1.2161999999999999","1.2183999999999999","1.2173","1.2161","1.2295","1.2428999999999999","1.2488999999999999","1.2453000000000001"
"2004","1.2789999999999999E-4","1.2870000000000001E-4","1.25E-4","1.215E-4","1.195E-4","1.208E-4","1.237E-4","1.2870000000000001E-4","1.295E-4","1.314E-4","1.3540000000000001E-4","1.5310000000000001E-4","1.6229999999999999E-4","1.662E-4","1.662E-4","1.506E-4","1.5669999999999999E-4","1.5090000000000001E-4","1.4899999999999999E-4","1.5449999999999999E-4","1.4449999999999999E-4","1.4100000000000001E-4","1.3650000000000001E-4","1.339E-4","1.3679999999999999E-4","1.3669999999999999E-4","1.3640000000000001E-4","1.381E-4","1.404E-4","1.4540000000000001E-4","1.449E-4","1.437E-4","1.406E-4","1.3999999999999999E-4","1.392E-4","1.3860000000000001E-4","1.382E-4","1.392E-4","1.37E-4","1.3760000000000001E-4","1.3779999999999999E-4","1.3679999999999999E-4","1.4090000000000001E-4","1.426E-4","1.428E-4","1.4540000000000001E-4","1.5229999999999999E-4","1.507E-4","1.4650000000000001E-4","1.506E-4","1.5430000000000001E-4","1.5569999999999999E-4","1.56E-4","1.56E-4","1.6689999999999999E-4","2.0890000000000001E-4","2.9550000000000003E-4","4.1209999999999999E-4","4.1829999999999998E-4","5.4969999999999997E-4","6.5030000000000003E-4","6.4639999999999999E-4","6.4269999999999996E-4","6.6529999999999996E-4","7.4739999999999995E-4","8.0619999999999997E-4","7.3709999999999997E-4","6.8309999999999996E-4","6.9399999999999996E-4","6.7199999999999996E-4","6.0709999999999996E-4","5.9119999999999995E-4","5.5619999999999997E-4","5.2749999999999997E-4","5.3499999999999999E-4","5.754E-4","6.2989999999999997E-4","6.7820000000000001E-4","7.0819999999999998E-4","8.2649999999999998E-4","9.5629999999999999E-4","1.1050000000000001E-3","1.854E-3","8.2369999999999995E-3","1.6219999999999998E-2","1.915E-2","3.1029999999999999E-2","3.2849999999999997E-2","3.3340000000000002E-2","3.2890000000000003E-2","3.6080000000000001E-2","3.7620000000000001E-2","3.8350000000000002E-2","3.9379999999999998E-2","4.0480000000000002E-2","4.2500000000000003E-2","4.3319999999999997E-2","4.5400000000000003E-2","4.521E-2","4.641E-2","4.7759999999999997E-2","5.0200000000000002E-2","5.3969999999999997E-2","5.7169999999999999E-2","5.9659999999999998E-2","6.0850000000000001E-2","6.207E-2","6.2859999999999999E-2","6.4619999999999997E-2","6.7909999999999998E-2","7.1300000000000002E-2","7.5310000000000002E-2","8.3119999999999999E-2","9.9279999999999993E-2","0.1163","0.13550000000000001","0.16009999999999999","0.18","0.20830000000000001","0.25240000000000001","0.29959999999999998","0.34849999999999998","0.40079999999999999","0.44319999999999998","0.48130000000000001","0.51070000000000004","0.53420000000000001","0.56069999999999998","0.5978","0.63419999999999999","0.67490000000000006","0.71140000000000003","0.74129999999999996","0.77039999999999997","0.81169999999999998","0.84330000000000005","0.85799999999999998","0.87339999999999995","0.88719999999999999","0.90990000000000004","0.93430000000000002","0.95699999999999996","0.98050000000000004","1","1.0169999999999999","1.0373000000000001","1.0551999999999999","1.0892999999999999","1.0973999999999999","1.1144000000000001","1.1445000000000001","1.1791","1.1924999999999999","1.1947000000000001","1.1936","1.1923999999999999","1.2055","1.2185999999999999","1.2245999999999999","1.2210000000000001"
"2005","1.2579999999999999E-4","1.2659999999999999E-4","1.2290000000000001E-4","1.195E-4","1.175E-4","1.187E-4","1.217E-4","1.2659999999999999E-4","1.273E-4","1.292E-4","1.3320000000000001E-4","1.505E-4","1.595E-4","1.6339999999999999E-4","1.6339999999999999E-4","1.4799999999999999E-4","1.54E-4","1.483E-4","1.4650000000000001E-4","1.5190000000000001E-4","1.4210000000000001E-4","1.3870000000000001E-4","1.3420000000000001E-4","1.316E-4","1.3449999999999999E-4","1.3439999999999999E-4","1.3410000000000001E-4","1.3579999999999999E-4","1.381E-4","1.4300000000000001E-4","1.4249999999999999E-4","1.4129999999999999E-4","1.382E-4","1.3760000000000001E-4","1.3679999999999999E-4","1.362E-4","1.359E-4","1.3679999999999999E-4","1.3469999999999999E-4","1.3530000000000001E-4","1.3549999999999999E-4","1.3449999999999999E-4","1.3850000000000001E-4","1.4019999999999999E-4","1.404E-4","1.4300000000000001E-4","1.4970000000000001E-4","1.482E-4","1.4410000000000001E-4","1.4799999999999999E-4","1.517E-4","1.5310000000000001E-4","1.5339999999999999E-4","1.5339999999999999E-4","1.6420000000000001E-4","2.0540000000000001E-4","2.9060000000000002E-4","4.0519999999999998E-4","4.1130000000000002E-4","5.4049999999999996E-4","6.3940000000000004E-4","6.3560000000000005E-4","6.3190000000000002E-4","6.5410000000000002E-4","7.3479999999999997E-4","7.9270000000000002E-4","7.247E-4","6.7159999999999995E-4","6.824E-4","6.6069999999999996E-4","5.9690000000000003E-4","5.8129999999999998E-4","5.4690000000000001E-4","5.1869999999999998E-4","5.2599999999999999E-4","5.6579999999999998E-4","6.1930000000000004E-4","6.669E-4","6.9629999999999996E-4","8.1260000000000002E-4","9.4030000000000003E-4","1.0870000000000001E-3","1.823E-3","8.0990000000000003E-3","1.5949999999999999E-2","1.883E-2","3.0509999999999999E-2","3.2300000000000002E-2","3.2779999999999997E-2","3.2340000000000001E-2","3.5479999999999998E-2","3.6990000000000002E-2","3.771E-2","3.8719999999999997E-2","3.9809999999999998E-2","4.1790000000000001E-2","4.2590000000000003E-2","4.4630000000000003E-2","4.4450000000000003E-2","4.5629999999999997E-2","4.6960000000000002E-2","4.9360000000000001E-2","5.3069999999999999E-2","5.6210000000000003E-2","5.8659999999999997E-2","5.9830000000000001E-2","6.1030000000000001E-2","6.1800000000000001E-2","6.3539999999999999E-2","6.6769999999999996E-2","7.0110000000000006E-2","7.4050000000000005E-2","8.1729999999999997E-2","9.7619999999999998E-2","0.1144","0.1333","0.15740000000000001","0.17699999999999999","0.20480000000000001","0.2482","0.29459999999999997","0.3427","0.39410000000000001","0.43580000000000002","0.47320000000000001","0.50209999999999999","0.52529999999999999","0.55130000000000001","0.5877","0.62360000000000004","0.66359999999999997","0.69950000000000001","0.7288","0.75749999999999995","0.79810000000000003","0.82920000000000005","0.84360000000000002","0.85870000000000002","0.87229999999999996","0.89470000000000005","0.91859999999999997","0.94089999999999996","0.96409999999999996","0.98319999999999996","1","1.02","1.0375000000000001","1.071","1.079","1.0958000000000001","1.1254","1.1593","1.1725000000000001","1.1747000000000001","1.1736","1.1724000000000001","1.1853","1.1981999999999999","1.2040999999999999","1.2005999999999999"
"2006","1.2329999999999999E-4","1.2410000000000001E-4","1.205E-4","1.172E-4","1.1519999999999999E-4","1.164E-4","1.193E-4","1.2410000000000001E-4","1.248E-4","1.2659999999999999E-4","1.306E-4","1.4760000000000001E-4","1.5640000000000001E-4","1.6019999999999999E-4","1.6019999999999999E-4","1.451E-4","1.5100000000000001E-4","1.4540000000000001E-4","1.4359999999999999E-4","1.4889999999999999E-4","1.393E-4","1.36E-4","1.316E-4","1.2909999999999999E-4","1.3190000000000001E-4","1.3180000000000001E-4","1.315E-4","1.3310000000000001E-4","1.3540000000000001E-4","1.4019999999999999E-4","1.3970000000000001E-4","1.3850000000000001E-4","1.3549999999999999E-4","1.349E-4","1.3420000000000001E-4","1.3359999999999999E-4","1.3329999999999999E-4","1.3420000000000001E-4","1.3210000000000001E-4","1.327E-4","1.328E-4","1.3190000000000001E-4","1.3579999999999999E-4","1.3750000000000001E-4","1.3760000000000001E-4","1.4019999999999999E-4","1.4679999999999999E-4","1.4530000000000001E-4","1.4119999999999999E-4","1.451E-4","1.4880000000000001E-4","1.5009999999999999E-4","1.504E-4","1.504E-4","1.6090000000000001E-4","2.0139999999999999E-4","2.8489999999999999E-4","3.9720000000000001E-4","4.0329999999999999E-4","5.2990000000000003E-4","6.269E-4","6.2319999999999997E-4","6.1950000000000004E-4","6.4139999999999998E-4","7.205E-4","7.7720000000000003E-4","7.1049999999999998E-4","6.5850000000000001E-4","6.69E-4","6.4780000000000003E-4","5.8520000000000002E-4","5.6990000000000003E-4","5.3620000000000002E-4","5.0849999999999995E-4","5.1579999999999996E-4","5.5469999999999998E-4","6.0720000000000001E-4","6.5379999999999995E-4","6.8269999999999995E-4","7.9670000000000001E-4","9.2190000000000002E-4","1.0660000000000001E-3","1.787E-3","7.9410000000000001E-3","1.5640000000000001E-2","1.8460000000000001E-2","2.9909999999999999E-2","3.1669999999999997E-2","3.2140000000000002E-2","3.1699999999999999E-2","3.4779999999999998E-2","3.6260000000000001E-2","3.6970000000000003E-2","3.7960000000000001E-2","3.9030000000000002E-2","4.0969999999999999E-2","4.1759999999999999E-2","4.376E-2","4.3580000000000001E-2","4.4740000000000002E-2","4.6039999999999998E-2","4.8390000000000002E-2","5.203E-2","5.5109999999999999E-2","5.7509999999999999E-2","5.8659999999999997E-2","5.9830000000000001E-2","6.0589999999999998E-2","6.2300000000000001E-2","6.5460000000000004E-2","6.8739999999999996E-2","7.2599999999999998E-2","8.0130000000000007E-2","9.5710000000000003E-2","0.11210000000000001","0.13070000000000001","0.15429999999999999","0.17349999999999999","0.20080000000000001","0.24329999999999999","0.2888","0.33600000000000002","0.38640000000000002","0.42720000000000002","0.46400000000000002","0.49230000000000002","0.51500000000000001","0.54049999999999998","0.57620000000000005","0.61140000000000005","0.65059999999999996","0.68579999999999997","0.71460000000000001","0.74270000000000003","0.78249999999999997","0.81299999999999994","0.82709999999999995","0.84189999999999998","0.85519999999999996","0.87719999999999998","0.90059999999999996","0.92249999999999999","0.94520000000000004","0.96399999999999997","0.98040000000000005","1","1.0172000000000001","1.0501","1.0579000000000001","1.0743","1.1032999999999999","1.1366000000000001","1.1495","1.1516999999999999","1.1506000000000001","1.1495","1.1620999999999999","1.1748000000000001","1.1805000000000001","1.1771"
"2007","1.2120000000000001E-4","1.22E-4","1.184E-4","1.1519999999999999E-4","1.133E-4","1.144E-4","1.1730000000000001E-4","1.22E-4","1.227E-4","1.2449999999999999E-4","1.283E-4","1.451E-4","1.538E-4","1.5750000000000001E-4","1.5750000000000001E-4","1.427E-4","1.485E-4","1.4300000000000001E-4","1.4119999999999999E-4","1.4640000000000001E-4","1.3689999999999999E-4","1.337E-4","1.294E-4","1.2689999999999999E-4","1.2970000000000001E-4","1.295E-4","1.292E-4","1.3090000000000001E-4","1.3310000000000001E-4","1.3779999999999999E-4","1.3740000000000001E-4","1.362E-4","1.3320000000000001E-4","1.326E-4","1.3190000000000001E-4","1.3129999999999999E-4","1.3100000000000001E-4","1.3190000000000001E-4","1.2980000000000001E-4","1.304E-4","1.306E-4","1.2970000000000001E-4","1.3349999999999999E-4","1.351E-4","1.3530000000000001E-4","1.3779999999999999E-4","1.4430000000000001E-4","1.428E-4","1.3880000000000001E-4","1.427E-4","1.462E-4","1.4760000000000001E-4","1.4789999999999999E-4","1.4789999999999999E-4","1.582E-4","1.9799999999999999E-4","2.8009999999999998E-4","3.9050000000000001E-4","3.9639999999999999E-4","5.2090000000000003E-4","6.1629999999999996E-4","6.1260000000000004E-4","6.0910000000000001E-4","6.3049999999999998E-4","7.0830000000000003E-4","7.6400000000000003E-4","6.9850000000000001E-4","6.4740000000000002E-4","6.5769999999999999E-4","6.3690000000000003E-4","5.7530000000000005E-4","5.6030000000000001E-4","5.2709999999999996E-4","4.9989999999999995E-4","5.0699999999999996E-4","5.4529999999999997E-4","5.9690000000000003E-4","6.4280000000000001E-4","6.7120000000000005E-4","7.8319999999999996E-4","9.0629999999999997E-4","1.047E-3","1.7570000000000001E-3","7.8059999999999996E-3","1.538E-2","1.8149999999999999E-2","2.9409999999999999E-2","3.1140000000000001E-2","3.159E-2","3.117E-2","3.4200000000000001E-2","3.5650000000000001E-2","3.6339999999999997E-2","3.7319999999999999E-2","3.8370000000000001E-2","4.0280000000000003E-2","4.1050000000000003E-2","4.3020000000000003E-2","4.2840000000000003E-2","4.3979999999999998E-2","4.5260000000000002E-2","4.7570000000000001E-2","5.1150000000000001E-2","5.4179999999999999E-2","5.6529999999999997E-2","5.7669999999999999E-2","5.8819999999999997E-2","5.9569999999999998E-2","6.1240000000000003E-2","6.4360000000000001E-2","6.7570000000000005E-2","7.1370000000000003E-2","7.8770000000000007E-2","9.4089999999999993E-2","0.11020000000000001","0.1285","0.1517","0.1706","0.19739999999999999","0.2392","0.28389999999999999","0.33029999999999998","0.37980000000000003","0.42","0.45610000000000001","0.4839","0.50629999999999997","0.53139999999999998","0.5665","0.60109999999999997","0.63959999999999995","0.67420000000000002","0.70250000000000001","0.73009999999999997","0.76919999999999999","0.79920000000000002","0.81310000000000004","0.82769999999999999","0.84079999999999999","0.86229999999999996","0.88539999999999996","0.90690000000000004","0.92920000000000003","0.94769999999999999","0.96379999999999999","0.98309999999999997","1","1.0323","1.04","1.0562","1.0847","1.1173999999999999","1.1301000000000001","1.1322000000000001","1.1311","1.1299999999999999","1.1425000000000001","1.1549","1.1606000000000001","1.1572"
"2008","1.175E-4","1.182E-4","1.147E-4","1.116E-4","1.097E-4","1.109E-4","1.136E-4","1.182E-4","1.189E-4","1.206E-4","1.2430000000000001E-4","1.405E-4","1.4899999999999999E-4","1.5249999999999999E-4","1.5249999999999999E-4","1.382E-4","1.438E-4","1.3850000000000001E-4","1.3679999999999999E-4","1.418E-4","1.326E-4","1.295E-4","1.2530000000000001E-4","1.2290000000000001E-4","1.2559999999999999E-4","1.2549999999999999E-4","1.2520000000000001E-4","1.2679999999999999E-4","1.2889999999999999E-4","1.3349999999999999E-4","1.3310000000000001E-4","1.3190000000000001E-4","1.2909999999999999E-4","1.2850000000000001E-4","1.2779999999999999E-4","1.272E-4","1.2689999999999999E-4","1.2779999999999999E-4","1.2579999999999999E-4","1.2630000000000001E-4","1.2650000000000001E-4","1.2559999999999999E-4","1.293E-4","1.3090000000000001E-4","1.3109999999999999E-4","1.3349999999999999E-4","1.3980000000000001E-4","1.384E-4","1.3449999999999999E-4","1.382E-4","1.417E-4","1.4300000000000001E-4","1.4320000000000001E-4","1.4320000000000001E-4","1.5330000000000001E-4","1.918E-4","2.7129999999999998E-4","3.7829999999999998E-4","3.8400000000000001E-4","5.0460000000000001E-4","5.9699999999999998E-4","5.934E-4","5.9000000000000003E-4","6.1079999999999999E-4","6.8610000000000003E-4","7.4010000000000005E-4","6.7670000000000002E-4","6.2710000000000001E-4","6.3710000000000004E-4","6.1689999999999998E-4","5.5730000000000005E-4","5.4270000000000002E-4","5.1060000000000005E-4","4.8430000000000001E-4","4.9120000000000001E-4","5.2829999999999999E-4","5.7819999999999996E-4","6.2270000000000001E-4","6.5019999999999998E-4","7.5869999999999996E-4","8.7790000000000003E-4","1.0150000000000001E-3","1.702E-3","7.5620000000000001E-3","1.489E-2","1.7579999999999998E-2","2.8490000000000001E-2","3.0159999999999999E-2","3.0599999999999999E-2","3.0190000000000002E-2","3.313E-2","3.4529999999999998E-2","3.5200000000000002E-2","3.6150000000000002E-2","3.7170000000000002E-2","3.9019999999999999E-2","3.977E-2","4.1669999999999999E-2","4.1500000000000002E-2","4.2599999999999999E-2","4.385E-2","4.6080000000000003E-2","4.9549999999999997E-2","5.2490000000000002E-2","5.4769999999999999E-2","5.586E-2","5.6980000000000003E-2","5.7700000000000001E-2","5.9319999999999998E-2","6.234E-2","6.5460000000000004E-2","6.9139999999999993E-2","7.6310000000000003E-2","9.1139999999999999E-2","0.10680000000000001","0.1244","0.14699999999999999","0.16520000000000001","0.1913","0.23169999999999999","0.27500000000000002","0.32","0.3679","0.40689999999999998","0.44180000000000003","0.46879999999999999","0.4904","0.51470000000000005","0.54879999999999995","0.58220000000000005","0.61960000000000004","0.65310000000000001","0.68049999999999999","0.70730000000000004","0.74519999999999997","0.7742","0.78759999999999997","0.80179999999999996","0.8145","0.83530000000000004","0.85770000000000002","0.87849999999999995","0.90010000000000001","0.91800000000000004","0.93369999999999997","0.95230000000000004","0.96870000000000001","1","1.0075000000000001","1.0230999999999999","1.0507","1.0824","1.0947","1.0968","1.0956999999999999","1.0946","1.1067","1.1188","1.1242000000000001","1.1209"
"2009","1.166E-4","1.1730000000000001E-4","1.139E-4","1.108E-4","1.089E-4","1.1E-4","1.127E-4","1.1730000000000001E-4","1.18E-4","1.197E-4","1.2339999999999999E-4","1.395E-4","1.4789999999999999E-4","1.5139999999999999E-4","1.5139999999999999E-4","1.372E-4","1.427E-4","1.3750000000000001E-4","1.3579999999999999E-4","1.4080000000000001E-4","1.317E-4","1.2850000000000001E-4","1.2439999999999999E-4","1.22E-4","1.247E-4","1.2449999999999999E-4","1.2430000000000001E-4","1.2579999999999999E-4","1.2799999999999999E-4","1.325E-4","1.3210000000000001E-4","1.3090000000000001E-4","1.281E-4","1.2750000000000001E-4","1.2679999999999999E-4","1.2630000000000001E-4","1.26E-4","1.2679999999999999E-4","1.248E-4","1.2540000000000001E-4","1.2549999999999999E-4","1.247E-4","1.284E-4","1.2999999999999999E-4","1.3009999999999999E-4","1.325E-4","1.3880000000000001E-4","1.373E-4","1.3349999999999999E-4","1.372E-4","1.406E-4","1.4190000000000001E-4","1.4219999999999999E-4","1.4219999999999999E-4","1.5210000000000001E-4","1.9039999999999999E-4","2.6929999999999999E-4","3.7550000000000002E-4","3.812E-4","5.0089999999999998E-4","5.9259999999999998E-4","5.8900000000000001E-4","5.8560000000000003E-4","6.0619999999999999E-4","6.8099999999999996E-4","7.3459999999999997E-4","6.7159999999999995E-4","6.2250000000000001E-4","6.3239999999999998E-4","6.1240000000000003E-4","5.532E-4","5.3870000000000003E-4","5.0690000000000002E-4","4.8069999999999997E-4","4.8749999999999998E-4","5.2439999999999995E-4","5.7399999999999997E-4","6.1799999999999995E-4","6.4530000000000002E-4","7.5310000000000004E-4","8.7140000000000004E-4","1.0070000000000001E-3","1.689E-3","7.5059999999999997E-3","1.478E-2","1.745E-2","2.828E-2","2.9940000000000001E-2","3.0380000000000001E-2","2.997E-2","3.288E-2","3.4279999999999998E-2","3.4939999999999999E-2","3.5880000000000002E-2","3.6889999999999999E-2","3.8730000000000001E-2","3.9469999999999998E-2","4.1369999999999997E-2","4.1189999999999997E-2","4.2290000000000001E-2","4.3520000000000003E-2","4.5740000000000003E-2","4.9180000000000001E-2","5.21E-2","5.4359999999999999E-2","5.5449999999999999E-2","5.6559999999999999E-2","5.7279999999999998E-2","5.8889999999999998E-2","6.1879999999999998E-2","6.497E-2","6.8629999999999997E-2","7.5740000000000002E-2","9.0469999999999995E-2","0.106","0.1235","0.1459","0.16400000000000001","0.1898","0.23","0.27300000000000002","0.31759999999999999","0.36520000000000002","0.40379999999999999","0.43859999999999999","0.46529999999999999","0.48680000000000001","0.51090000000000002","0.54469999999999996","0.57789999999999997","0.61499999999999999","0.6482","0.67549999999999999","0.70199999999999996","0.73960000000000004","0.76849999999999996","0.78180000000000005","0.79590000000000005","0.80840000000000001","0.82909999999999995","0.85129999999999995","0.872","0.89349999999999996","0.91120000000000001","0.92679999999999996","0.94530000000000003","0.96150000000000002","0.99260000000000004","1","1.0155000000000001","1.0429999999999999","1.0744","1.0866","1.0887","1.0875999999999999","1.0865","1.0985","1.1105","1.1158999999999999","1.1127"
"2010","1.148E-4","1.155E-4","1.121E-4","1.091E-4","1.072E-4","1.0840000000000001E-4","1.11E-4","1.155E-4","1.1620000000000001E-4","1.1790000000000001E-4","1.215E-4","1.373E-4","1.4559999999999999E-4","1.4909999999999999E-4","1.4909999999999999E-4","1.351E-4","1.406E-4","1.3540000000000001E-4","1.337E-4","1.3860000000000001E-4","1.2960000000000001E-4","1.2659999999999999E-4","1.225E-4","1.2010000000000001E-4","1.228E-4","1.226E-4","1.2239999999999999E-4","1.239E-4","1.26E-4","1.305E-4","1.3009999999999999E-4","1.2889999999999999E-4","1.261E-4","1.2559999999999999E-4","1.249E-4","1.2430000000000001E-4","1.2400000000000001E-4","1.249E-4","1.2290000000000001E-4","1.2349999999999999E-4","1.236E-4","1.228E-4","1.2640000000000001E-4","1.2799999999999999E-4","1.281E-4","1.305E-4","1.3660000000000001E-4","1.3520000000000001E-4","1.315E-4","1.351E-4","1.3850000000000001E-4","1.3970000000000001E-4","1.3999999999999999E-4","1.3999999999999999E-4","1.4980000000000001E-4","1.875E-4","2.652E-4","3.6969999999999999E-4","3.7530000000000002E-4","4.9319999999999995E-4","5.8350000000000003E-4","5.8E-4","5.7669999999999998E-4","5.9699999999999998E-4","6.7060000000000004E-4","7.2340000000000002E-4","6.6140000000000003E-4","6.1289999999999999E-4","6.2270000000000001E-4","6.0300000000000002E-4","5.4480000000000002E-4","5.3050000000000005E-4","4.9910000000000004E-4","4.7340000000000001E-4","4.8010000000000001E-4","5.1630000000000003E-4","5.6519999999999997E-4","6.0860000000000005E-4","6.355E-4","7.4160000000000003E-4","8.5809999999999999E-4","9.9179999999999993E-4","1.663E-3","7.391E-3","1.456E-2","1.7180000000000001E-2","2.784E-2","2.9479999999999999E-2","2.9909999999999999E-2","2.9510000000000002E-2","3.2379999999999999E-2","3.3750000000000002E-2","3.4410000000000003E-2","3.5340000000000003E-2","3.6330000000000001E-2","3.8129999999999997E-2","3.8870000000000002E-2","4.0730000000000002E-2","4.0559999999999999E-2","4.1640000000000003E-2","4.2860000000000002E-2","4.5039999999999997E-2","4.8430000000000001E-2","5.1299999999999998E-2","5.3530000000000001E-2","5.4600000000000003E-2","5.5690000000000003E-2","5.6399999999999999E-2","5.799E-2","6.0929999999999998E-2","6.3979999999999995E-2","6.7580000000000001E-2","7.4579999999999994E-2","8.9090000000000003E-2","0.10440000000000001","0.1216","0.14360000000000001","0.1615","0.18690000000000001","0.22650000000000001","0.26879999999999998","0.31269999999999998","0.35959999999999998","0.3977","0.43190000000000001","0.4582","0.47939999999999999","0.50309999999999999","0.53639999999999999","0.56910000000000005","0.60560000000000003","0.63829999999999998","0.66510000000000002","0.69130000000000003","0.72829999999999995","0.75670000000000004","0.76980000000000004","0.78369999999999995","0.79610000000000003","0.8165","0.83830000000000005","0.85870000000000002","0.87980000000000003","0.89729999999999999","0.91259999999999997","0.93079999999999996","0.94679999999999997","0.97740000000000005","0.98470000000000002","1","1.0269999999999999","1.0580000000000001","1.07","1.0720000000000001","1.071","1.0699000000000001","1.0817000000000001","1.0934999999999999","1.0988","1.0955999999999999"
"2011","1.1179999999999999E-4","1.125E-4","1.092E-4","1.0620000000000001E-4","1.044E-4","1.055E-4","1.081E-4","1.125E-4","1.131E-4","1.148E-4","1.183E-4","1.337E-4","1.418E-4","1.4520000000000001E-4","1.4520000000000001E-4","1.316E-4","1.3689999999999999E-4","1.3180000000000001E-4","1.3019999999999999E-4","1.35E-4","1.262E-4","1.2320000000000001E-4","1.193E-4","1.17E-4","1.1959999999999999E-4","1.194E-4","1.1909999999999999E-4","1.206E-4","1.227E-4","1.271E-4","1.2659999999999999E-4","1.2559999999999999E-4","1.228E-4","1.2229999999999999E-4","1.216E-4","1.211E-4","1.208E-4","1.216E-4","1.197E-4","1.2019999999999999E-4","1.204E-4","1.1959999999999999E-4","1.2310000000000001E-4","1.2459999999999999E-4","1.247E-4","1.271E-4","1.3310000000000001E-4","1.317E-4","1.2799999999999999E-4","1.316E-4","1.348E-4","1.361E-4","1.3630000000000001E-4","1.3630000000000001E-4","1.459E-4","1.8249999999999999E-4","2.5819999999999999E-4","3.6000000000000002E-4","3.6549999999999999E-4","4.8030000000000002E-4","5.6820000000000004E-4","5.6479999999999996E-4","5.6150000000000004E-4","5.8129999999999998E-4","6.5300000000000004E-4","7.0439999999999999E-4","6.4400000000000004E-4","5.9679999999999998E-4","6.0639999999999999E-4","5.8710000000000001E-4","5.3039999999999999E-4","5.1650000000000003E-4","4.86E-4","4.6089999999999998E-4","4.6749999999999998E-4","5.0279999999999997E-4","5.5029999999999999E-4","5.9259999999999998E-4","6.1879999999999997E-4","7.2210000000000004E-4","8.3549999999999998E-4","9.657E-4","1.6199999999999999E-3","7.1970000000000003E-3","1.417E-2","1.6729999999999998E-2","2.7109999999999999E-2","2.8709999999999999E-2","2.913E-2","2.8729999999999999E-2","3.1530000000000002E-2","3.2870000000000003E-2","3.3509999999999998E-2","3.4410000000000003E-2","3.5369999999999999E-2","3.7130000000000003E-2","3.7850000000000002E-2","3.9660000000000001E-2","3.95E-2","4.0550000000000003E-2","4.1730000000000003E-2","4.3860000000000003E-2","4.7160000000000001E-2","4.9950000000000001E-2","5.212E-2","5.3159999999999999E-2","5.423E-2","5.4919999999999997E-2","5.6460000000000003E-2","5.9330000000000001E-2","6.2300000000000001E-2","6.5799999999999997E-2","7.2620000000000004E-2","8.6739999999999998E-2","0.1016","0.11840000000000001","0.1399","0.1573","0.182","0.2205","0.26169999999999999","0.30449999999999999","0.35020000000000001","0.38719999999999999","0.42049999999999998","0.44619999999999999","0.46679999999999999","0.4899","0.52229999999999999","0.55410000000000004","0.5897","0.62150000000000005","0.64770000000000005","0.67310000000000003","0.70920000000000005","0.73680000000000001","0.74960000000000004","0.7631","0.77510000000000001","0.79500000000000004","0.81630000000000003","0.83609999999999995","0.85670000000000002","0.87370000000000003","0.88859999999999995","0.90629999999999999","0.92190000000000005","0.95169999999999999","0.95879999999999999","0.97370000000000001","1","1.0302","1.0419","1.0438000000000001","1.0427999999999999","1.0418000000000001","1.0532999999999999","1.0647","1.07","1.0668"
"2012","1.0849999999999999E-4","1.092E-4","1.06E-4","1.031E-4","1.014E-4","1.024E-4","1.049E-4","1.092E-4","1.098E-4","1.114E-4","1.149E-4","1.2980000000000001E-4","1.3760000000000001E-4","1.4090000000000001E-4","1.4090000000000001E-4","1.2769999999999999E-4","1.329E-4","1.2799999999999999E-4","1.2640000000000001E-4","1.3100000000000001E-4","1.225E-4","1.1959999999999999E-4","1.158E-4","1.1349999999999999E-4","1.161E-4","1.159E-4","1.1569999999999999E-4","1.171E-4","1.1909999999999999E-4","1.2329999999999999E-4","1.2290000000000001E-4","1.219E-4","1.192E-4","1.187E-4","1.18E-4","1.175E-4","1.172E-4","1.18E-4","1.1620000000000001E-4","1.167E-4","1.1680000000000001E-4","1.161E-4","1.195E-4","1.209E-4","1.211E-4","1.2329999999999999E-4","1.292E-4","1.2779999999999999E-4","1.2430000000000001E-4","1.2769999999999999E-4","1.3090000000000001E-4","1.3210000000000001E-4","1.3229999999999999E-4","1.3229999999999999E-4","1.416E-4","1.772E-4","2.5060000000000002E-4","3.4949999999999998E-4","3.548E-4","4.662E-4","5.5150000000000002E-4","5.4819999999999999E-4","5.4509999999999997E-4","5.6420000000000005E-4","6.3389999999999996E-4","6.8369999999999998E-4","6.2509999999999996E-4","5.7930000000000004E-4","5.886E-4","5.6990000000000003E-4","5.1489999999999999E-4","5.0140000000000004E-4","4.7179999999999998E-4","4.4739999999999998E-4","4.5380000000000003E-4","4.8799999999999999E-4","5.3419999999999997E-4","5.752E-4","6.0059999999999996E-4","7.0089999999999996E-4","8.1099999999999998E-4","9.3740000000000002E-4","1.572E-3","6.986E-3","1.376E-2","1.6240000000000001E-2","2.632E-2","2.7859999999999999E-2","2.827E-2","2.7890000000000002E-2","3.0599999999999999E-2","3.1899999999999998E-2","3.252E-2","3.3399999999999999E-2","3.4340000000000002E-2","3.6040000000000003E-2","3.6740000000000002E-2","3.85E-2","3.8339999999999999E-2","3.9359999999999999E-2","4.0509999999999997E-2","4.2569999999999997E-2","4.5769999999999998E-2","4.8489999999999998E-2","5.0590000000000003E-2","5.1610000000000003E-2","5.2639999999999999E-2","5.3310000000000003E-2","5.4809999999999998E-2","5.7590000000000002E-2","6.0470000000000003E-2","6.3869999999999996E-2","7.0489999999999997E-2","8.4199999999999997E-2","9.8659999999999998E-2","0.115","0.1358","0.1527","0.1767","0.214","0.25409999999999999","0.29559999999999997","0.33989999999999998","0.37590000000000001","0.40820000000000001","0.43309999999999998","0.4531","0.47549999999999998","0.50700000000000001","0.53790000000000004","0.57240000000000002","0.60329999999999995","0.62870000000000004","0.65339999999999998","0.68840000000000001","0.71530000000000005","0.72760000000000002","0.74070000000000003","0.75239999999999996","0.77170000000000005","0.79239999999999999","0.81159999999999999","0.83160000000000001","0.84809999999999997","0.86260000000000003","0.87980000000000003","0.89490000000000003","0.92379999999999995","0.93069999999999997","0.94520000000000004","0.97070000000000001","1","1.0113000000000001","1.0132000000000001","1.0123","1.0113000000000001","1.0224","1.0335000000000001","1.0386","1.0356000000000001"
"2013","1.0730000000000001E-4","1.0789999999999999E-4","1.048E-4","1.019E-4","1.002E-4","1.013E-4","1.038E-4","1.0789999999999999E-4","1.086E-4","1.102E-4","1.136E-4","1.284E-4","1.361E-4","1.393E-4","1.393E-4","1.2630000000000001E-4","1.314E-4","1.2650000000000001E-4","1.25E-4","1.295E-4","1.2120000000000001E-4","1.183E-4","1.145E-4","1.1230000000000001E-4","1.148E-4","1.1459999999999999E-4","1.144E-4","1.158E-4","1.178E-4","1.219E-4","1.216E-4","1.205E-4","1.1790000000000001E-4","1.1739999999999999E-4","1.167E-4","1.1620000000000001E-4","1.159E-4","1.167E-4","1.149E-4","1.154E-4","1.155E-4","1.148E-4","1.182E-4","1.1959999999999999E-4","1.197E-4","1.219E-4","1.2769999999999999E-4","1.2640000000000001E-4","1.2290000000000001E-4","1.2630000000000001E-4","1.294E-4","1.306E-4","1.3080000000000001E-4","1.3080000000000001E-4","1.3999999999999999E-4","1.752E-4","2.4780000000000001E-4","3.456E-4","3.5080000000000002E-4","4.6099999999999998E-4","5.4540000000000003E-4","5.421E-4","5.3890000000000003E-4","5.5789999999999995E-4","6.267E-4","6.7610000000000001E-4","6.1810000000000001E-4","5.7280000000000005E-4","5.8200000000000005E-4","5.6349999999999998E-4","5.0909999999999996E-4","4.9580000000000002E-4","4.6650000000000001E-4","4.4240000000000002E-4","4.4870000000000001E-4","4.8260000000000002E-4","5.2820000000000005E-4","5.6879999999999995E-4","5.9389999999999996E-4","6.9309999999999999E-4","8.0190000000000003E-4","9.2690000000000003E-4","1.554E-3","6.9080000000000001E-3","1.3610000000000001E-2","1.6060000000000001E-2","2.6020000000000001E-2","2.7550000000000002E-2","2.7959999999999999E-2","2.758E-2","3.0259999999999999E-2","3.1539999999999999E-2","3.2160000000000001E-2","3.3020000000000001E-2","3.3950000000000001E-2","3.5639999999999998E-2","3.6330000000000001E-2","3.807E-2","3.7909999999999999E-2","3.8920000000000003E-2","4.0050000000000002E-2","4.2099999999999999E-2","4.5260000000000002E-2","4.7940000000000003E-2","5.0029999999999998E-2","5.1029999999999999E-2","5.2049999999999999E-2","5.271E-2","5.4190000000000002E-2","5.6950000000000001E-2","5.9790000000000003E-2","6.3149999999999998E-2","6.9699999999999998E-2","8.3260000000000001E-2","9.7549999999999998E-2","0.1137","0.13420000000000001","0.151","0.17469999999999999","0.21160000000000001","0.25119999999999998","0.2923","0.33610000000000001","0.37169999999999997","0.40360000000000001","0.42820000000000003","0.44800000000000001","0.47020000000000001","0.50129999999999997","0.53190000000000004","0.56599999999999995","0.59660000000000002","0.62160000000000004","0.64610000000000001","0.68069999999999997","0.70720000000000005","0.71950000000000003","0.73240000000000005","0.74399999999999999","0.76300000000000001","0.78349999999999997","0.80249999999999999","0.82230000000000003","0.83860000000000001","0.85289999999999999","0.86990000000000001","0.88490000000000002","0.91349999999999998","0.92030000000000001","0.93459999999999999","0.95979999999999999","0.98880000000000001","1","1.0019","1.0008999999999999","0.99990000000000001","1.0108999999999999","1.022","1.0269999999999999","1.024"
"2014","1.071E-4","1.077E-4","1.0459999999999999E-4","1.0170000000000001E-4","1E-4","1.011E-4","1.036E-4","1.077E-4","1.0840000000000001E-4","1.1E-4","1.1340000000000001E-4","1.281E-4","1.3579999999999999E-4","1.3909999999999999E-4","1.3909999999999999E-4","1.26E-4","1.3109999999999999E-4","1.2630000000000001E-4","1.247E-4","1.293E-4","1.209E-4","1.181E-4","1.143E-4","1.121E-4","1.145E-4","1.144E-4","1.141E-4","1.156E-4","1.175E-4","1.217E-4","1.2129999999999999E-4","1.203E-4","1.177E-4","1.171E-4","1.165E-4","1.16E-4","1.1569999999999999E-4","1.165E-4","1.147E-4","1.1519999999999999E-4","1.153E-4","1.145E-4","1.1790000000000001E-4","1.194E-4","1.195E-4","1.217E-4","1.2750000000000001E-4","1.262E-4","1.226E-4","1.26E-4","1.292E-4","1.303E-4","1.306E-4","1.306E-4","1.3970000000000001E-4","1.749E-4","2.474E-4","3.4489999999999998E-4","3.501E-4","4.6010000000000002E-4","5.4429999999999995E-4","5.4109999999999998E-4","5.3790000000000001E-4","5.5690000000000004E-4","6.2560000000000003E-4","6.7480000000000003E-4","6.1700000000000004E-4","5.7180000000000002E-4","5.8089999999999997E-4","5.6249999999999996E-4","5.0819999999999999E-4","4.9479999999999999E-4","4.6559999999999999E-4","4.416E-4","4.4779999999999999E-4","4.817E-4","5.2720000000000002E-4","5.6769999999999998E-4","5.9279999999999999E-4","6.9180000000000001E-4","8.0040000000000005E-4","9.2520000000000005E-4","1.552E-3","6.8950000000000001E-3","1.358E-2","1.6029999999999999E-2","2.597E-2","2.75E-2","2.7900000000000001E-2","2.7529999999999999E-2","3.0200000000000001E-2","3.1489999999999997E-2","3.2099999999999997E-2","3.2960000000000003E-2","3.3890000000000003E-2","3.5569999999999997E-2","3.6260000000000001E-2","3.7999999999999999E-2","3.7839999999999999E-2","3.884E-2","3.9980000000000002E-2","4.2020000000000002E-2","4.5179999999999998E-2","4.7849999999999997E-2","4.9930000000000002E-2","5.0930000000000003E-2","5.1950000000000003E-2","5.2609999999999997E-2","5.4089999999999999E-2","5.6840000000000002E-2","5.9679999999999997E-2","6.3039999999999999E-2","6.9570000000000007E-2","8.3099999999999993E-2","9.7369999999999998E-2","0.1135","0.13400000000000001","0.1507","0.1744","0.21129999999999999","0.25080000000000002","0.29170000000000001","0.33550000000000002","0.371","0.40289999999999998","0.4274","0.44719999999999999","0.46929999999999999","0.50039999999999996","0.53090000000000004","0.56489999999999996","0.59550000000000003","0.62050000000000005","0.64490000000000003","0.6794","0.70589999999999997","0.71809999999999996","0.73099999999999998","0.74260000000000004","0.76160000000000005","0.78200000000000003","0.80100000000000005","0.82069999999999999","0.83699999999999997","0.85129999999999995","0.86829999999999996","0.88319999999999999","0.91180000000000005","0.91859999999999997","0.93279999999999996","0.95799999999999996","0.9869","0.99809999999999999","1","0.99909999999999999","0.99809999999999999","1.0091000000000001","1.02","1.0249999999999999","1.022"
"2015","1.072E-4","1.078E-4","1.047E-4","1.0179999999999999E-4","1.0009999999999999E-4","1.0119999999999999E-4","1.037E-4","1.078E-4","1.0849999999999999E-4","1.1010000000000001E-4","1.1349999999999999E-4","1.282E-4","1.36E-4","1.392E-4","1.392E-4","1.261E-4","1.3119999999999999E-4","1.2640000000000001E-4","1.248E-4","1.294E-4","1.21E-4","1.182E-4","1.144E-4","1.122E-4","1.1459999999999999E-4","1.145E-4","1.143E-4","1.1569999999999999E-4","1.176E-4","1.2180000000000001E-4","1.214E-4","1.204E-4","1.178E-4","1.1730000000000001E-4","1.166E-4","1.161E-4","1.158E-4","1.166E-4","1.148E-4","1.153E-4","1.154E-4","1.1459999999999999E-4","1.18E-4","1.195E-4","1.1959999999999999E-4","1.2180000000000001E-4","1.2760000000000001E-4","1.2630000000000001E-4","1.227E-4","1.261E-4","1.293E-4","1.305E-4","1.3070000000000001E-4","1.3070000000000001E-4","1.3990000000000001E-4","1.75E-4","2.476E-4","3.4519999999999999E-4","3.5050000000000001E-4","4.6050000000000003E-4","5.4489999999999996E-4","5.4160000000000005E-4","5.3839999999999997E-4","5.574E-4","6.2620000000000004E-4","6.7540000000000005E-4","6.1749999999999999E-4","5.7229999999999998E-4","5.8149999999999999E-4","5.6300000000000002E-4","5.086E-4","4.9529999999999995E-4","4.66E-4","4.4200000000000001E-4","4.482E-4","4.8210000000000001E-4","5.2769999999999998E-4","5.6820000000000004E-4","5.9329999999999995E-4","6.9240000000000002E-4","8.0119999999999996E-4","9.2599999999999996E-4","1.5529999999999999E-3","6.901E-3","1.359E-2","1.6039999999999999E-2","2.5999999999999999E-2","2.7529999999999999E-2","2.793E-2","2.7550000000000002E-2","3.023E-2","3.1519999999999999E-2","3.2129999999999999E-2","3.2989999999999998E-2","3.3919999999999999E-2","3.5610000000000003E-2","3.6290000000000003E-2","3.8030000000000001E-2","3.7870000000000001E-2","3.8879999999999998E-2","4.002E-2","4.206E-2","4.5220000000000003E-2","4.7899999999999998E-2","4.9979999999999997E-2","5.0979999999999998E-2","5.1999999999999998E-2","5.2659999999999998E-2","5.4140000000000001E-2","5.6890000000000003E-2","5.9740000000000001E-2","6.3100000000000003E-2","6.9639999999999994E-2","8.3180000000000004E-2","9.7460000000000005E-2","0.11360000000000001","0.1341","0.15079999999999999","0.17449999999999999","0.21149999999999999","0.251","0.29199999999999998","0.33579999999999999","0.37130000000000002","0.4032","0.42780000000000001","0.4476","0.4698","0.50080000000000002","0.53139999999999998","0.56540000000000001","0.59599999999999997","0.621","0.64549999999999996","0.68","0.70660000000000001","0.71879999999999999","0.73170000000000002","0.74329999999999996","0.76229999999999998","0.78269999999999995","0.80179999999999996","0.82150000000000001","0.83779999999999999","0.85209999999999997","0.86909999999999998","0.8841","0.91259999999999997","0.9194","0.93369999999999997","0.95889999999999997","0.9879","0.99909999999999999","1.0008999999999999","1","0.999","1.01","1.0209999999999999","1.026","1.0229999999999999"
"2016","1.0730000000000001E-4","1.08E-4","1.048E-4","1.019E-4","1.002E-4","1.013E-4","1.038E-4","1.08E-4","1.086E-4","1.102E-4","1.136E-4","1.284E-4","1.361E-4","1.394E-4","1.394E-4","1.2630000000000001E-4","1.314E-4","1.2650000000000001E-4","1.25E-4","1.295E-4","1.2120000000000001E-4","1.183E-4","1.145E-4","1.1230000000000001E-4","1.148E-4","1.1459999999999999E-4","1.144E-4","1.158E-4","1.178E-4","1.22E-4","1.216E-4","1.205E-4","1.1790000000000001E-4","1.1739999999999999E-4","1.167E-4","1.1620000000000001E-4","1.159E-4","1.167E-4","1.149E-4","1.154E-4","1.155E-4","1.148E-4","1.182E-4","1.1959999999999999E-4","1.197E-4","1.22E-4","1.2769999999999999E-4","1.2640000000000001E-4","1.2290000000000001E-4","1.2630000000000001E-4","1.294E-4","1.306E-4","1.3090000000000001E-4","1.3090000000000001E-4","1.3999999999999999E-4","1.752E-4","2.4780000000000001E-4","3.456E-4","3.5080000000000002E-4","4.6099999999999998E-4","5.4540000000000003E-4","5.421E-4","5.3899999999999998E-4","5.5800000000000001E-4","6.2679999999999995E-4","6.7610000000000001E-4","6.1810000000000001E-4","5.7289999999999999E-4","5.8200000000000005E-4","5.6360000000000004E-4","5.0909999999999996E-4","4.9580000000000002E-4","4.6650000000000001E-4","4.4240000000000002E-4","4.4870000000000001E-4","4.8260000000000002E-4","5.2829999999999999E-4","5.6879999999999995E-4","5.9389999999999996E-4","6.9309999999999999E-4","8.0199999999999998E-4","9.2699999999999998E-4","1.555E-3","6.9080000000000001E-3","1.3610000000000001E-2","1.6060000000000001E-2","2.6020000000000001E-2","2.7550000000000002E-2","2.7959999999999999E-2","2.758E-2","3.0259999999999999E-2","3.1550000000000002E-2","3.2160000000000001E-2","3.3029999999999997E-2","3.3950000000000001E-2","3.5639999999999998E-2","3.6330000000000001E-2","3.807E-2","3.7909999999999999E-2","3.8920000000000003E-2","4.0059999999999998E-2","4.2099999999999999E-2","4.5260000000000002E-2","4.795E-2","5.0029999999999998E-2","5.1029999999999999E-2","5.2049999999999999E-2","5.2720000000000003E-2","5.4199999999999998E-2","5.6950000000000001E-2","5.9799999999999999E-2","6.3159999999999994E-2","6.9709999999999994E-2","8.3260000000000001E-2","9.7559999999999994E-2","0.1137","0.1343","0.151","0.17469999999999999","0.2117","0.25119999999999998","0.2923","0.33610000000000001","0.37169999999999997","0.40360000000000001","0.42830000000000001","0.44800000000000001","0.47020000000000001","0.50129999999999997","0.53190000000000004","0.56599999999999995","0.59660000000000002","0.62170000000000003","0.64610000000000001","0.68069999999999997","0.70730000000000004","0.71950000000000003","0.73250000000000004","0.74399999999999999","0.7631","0.78349999999999997","0.80259999999999998","0.82230000000000003","0.8387","0.85299999999999998","0.87","0.88490000000000002","0.91349999999999998","0.92030000000000001","0.93459999999999999","0.95989999999999998","0.9889","1.0001","1.0019","1.0009999999999999","1","1.0109999999999999","1.022","1.0269999999999999","1.024"
"2017","1.061E-4","1.0679999999999999E-4","1.037E-4","1.008E-4","9.9140000000000003E-5","1.002E-4","1.026E-4","1.0679999999999999E-4","1.0739999999999999E-4","1.0900000000000001E-4","1.1230000000000001E-4","1.27E-4","1.3459999999999999E-4","1.3779999999999999E-4","1.3779999999999999E-4","1.249E-4","1.2990000000000001E-4","1.2520000000000001E-4","1.236E-4","1.281E-4","1.199E-4","1.17E-4","1.132E-4","1.11E-4","1.1349999999999999E-4","1.1340000000000001E-4","1.131E-4","1.145E-4","1.165E-4","1.206E-4","1.2019999999999999E-4","1.192E-4","1.166E-4","1.161E-4","1.154E-4","1.149E-4","1.147E-4","1.154E-4","1.136E-4","1.142E-4","1.143E-4","1.1349999999999999E-4","1.169E-4","1.183E-4","1.184E-4","1.206E-4","1.2630000000000001E-4","1.25E-4","1.215E-4","1.249E-4","1.2799999999999999E-4","1.292E-4","1.294E-4","1.294E-4","1.3850000000000001E-4","1.7330000000000001E-4","2.4509999999999999E-4","3.4180000000000001E-4","3.4699999999999998E-4","4.5600000000000003E-4","5.3950000000000005E-4","5.3620000000000002E-4","5.331E-4","5.5190000000000003E-4","6.2E-4","6.6879999999999999E-4","6.1140000000000001E-4","5.666E-4","5.7569999999999995E-4","5.574E-4","5.0359999999999999E-4","4.9039999999999999E-4","4.6139999999999999E-4","4.3760000000000001E-4","4.438E-4","4.773E-4","5.2249999999999996E-4","5.6260000000000001E-4","5.8750000000000002E-4","6.8559999999999997E-4","7.9330000000000004E-4","9.1690000000000001E-4","1.5380000000000001E-3","6.8329999999999997E-3","1.346E-2","1.5879999999999998E-2","2.5739999999999999E-2","2.725E-2","2.7650000000000001E-2","2.7279999999999999E-2","2.9929999999999998E-2","3.1199999999999999E-2","3.1809999999999998E-2","3.2669999999999998E-2","3.3579999999999999E-2","3.5249999999999997E-2","3.5929999999999997E-2","3.7659999999999999E-2","3.7499999999999999E-2","3.8490000000000003E-2","3.9620000000000002E-2","4.1640000000000003E-2","4.4769999999999997E-2","4.743E-2","4.9489999999999999E-2","5.0479999999999997E-2","5.1490000000000001E-2","5.2139999999999999E-2","5.3609999999999998E-2","5.6329999999999998E-2","5.9150000000000001E-2","6.2469999999999998E-2","6.8949999999999997E-2","8.2360000000000003E-2","9.6500000000000002E-2","0.1124","0.1328","0.14929999999999999","0.17280000000000001","0.2094","0.2485","0.28910000000000002","0.33250000000000002","0.36759999999999998","0.3992","0.42359999999999998","0.44319999999999998","0.46510000000000001","0.49590000000000001","0.52610000000000001","0.55979999999999996","0.59009999999999996","0.6149","0.6391","0.67330000000000001","0.6996","0.7117","0.72450000000000003","0.7359","0.75480000000000003","0.77500000000000002","0.79379999999999995","0.81340000000000001","0.82950000000000002","0.84370000000000001","0.86050000000000004","0.87529999999999997","0.90359999999999996","0.9103","0.92449999999999999","0.94940000000000002","0.97809999999999997","0.98919999999999997","0.99099999999999999","0.99009999999999998","0.98909999999999998","1","1.0108999999999999","1.0158","1.0128999999999999"
"2018","1.05E-4","1.0560000000000001E-4","1.026E-4","9.9740000000000004E-5","9.8070000000000001E-5","9.9099999999999996E-5","1.015E-4","1.0560000000000001E-4","1.063E-4","1.078E-4","1.111E-4","1.2559999999999999E-4","1.3320000000000001E-4","1.3640000000000001E-4","1.3640000000000001E-4","1.236E-4","1.2850000000000001E-4","1.238E-4","1.2229999999999999E-4","1.2679999999999999E-4","1.186E-4","1.1569999999999999E-4","1.12E-4","1.099E-4","1.1230000000000001E-4","1.122E-4","1.119E-4","1.133E-4","1.1519999999999999E-4","1.193E-4","1.189E-4","1.1790000000000001E-4","1.154E-4","1.148E-4","1.142E-4","1.137E-4","1.1340000000000001E-4","1.142E-4","1.1239999999999999E-4","1.1290000000000001E-4","1.131E-4","1.1230000000000001E-4","1.156E-4","1.17E-4","1.172E-4","1.193E-4","1.25E-4","1.237E-4","1.2019999999999999E-4","1.236E-4","1.2659999999999999E-4","1.2779999999999999E-4","1.2799999999999999E-4","1.2799999999999999E-4","1.37E-4","1.7139999999999999E-4","2.4250000000000001E-4","3.3809999999999998E-4","3.433E-4","4.5110000000000001E-4","5.3359999999999996E-4","5.3039999999999999E-4","5.2740000000000003E-4","5.4589999999999999E-4","6.133E-4","6.6149999999999998E-4","6.0479999999999996E-4","5.6050000000000002E-4","5.6950000000000002E-4","5.5139999999999996E-4","4.9819999999999997E-4","4.8509999999999997E-4","4.5639999999999998E-4","4.3290000000000001E-4","4.3899999999999999E-4","4.7219999999999999E-4","5.1690000000000004E-4","5.5659999999999998E-4","5.8109999999999998E-4","6.7820000000000001E-4","7.8470000000000005E-4","9.0700000000000004E-4","1.521E-3","6.7590000000000003E-3","1.3310000000000001E-2","1.5709999999999998E-2","2.546E-2","2.6960000000000001E-2","2.7349999999999999E-2","2.699E-2","2.9610000000000001E-2","3.0870000000000002E-2","3.1469999999999998E-2","3.2309999999999998E-2","3.322E-2","3.4869999999999998E-2","3.5549999999999998E-2","3.7249999999999998E-2","3.7089999999999998E-2","3.8080000000000003E-2","3.9190000000000003E-2","4.1189999999999997E-2","4.4290000000000003E-2","4.691E-2","4.895E-2","4.9930000000000002E-2","5.0930000000000003E-2","5.1580000000000001E-2","5.3030000000000001E-2","5.5719999999999999E-2","5.851E-2","6.1800000000000001E-2","6.8210000000000007E-2","8.1470000000000001E-2","9.5460000000000003E-2","0.11119999999999999","0.13139999999999999","0.1477","0.17100000000000001","0.20710000000000001","0.24579999999999999","0.28599999999999998","0.32890000000000003","0.36370000000000002","0.39489999999999997","0.41899999999999998","0.43840000000000001","0.46010000000000001","0.49049999999999999","0.52039999999999997","0.55379999999999996","0.58379999999999999","0.60829999999999995","0.63219999999999998","0.66610000000000003","0.69199999999999995","0.70399999999999996","0.7167","0.72799999999999998","0.74670000000000003","0.76659999999999995","0.7853","0.80459999999999998","0.8206","0.83460000000000001","0.85119999999999996","0.8659","0.89390000000000003","0.90049999999999997","0.91449999999999998","0.93920000000000003","0.96750000000000003","0.97850000000000004","0.98029999999999995","0.97940000000000005","0.97850000000000004","0.98919999999999997","1","1.0048999999999999","1.002"
"2019","1.0450000000000001E-4","1.0509999999999999E-4","1.021E-4","9.925E-5","9.7600000000000001E-5","9.8610000000000006E-5","1.01E-4","1.0509999999999999E-4","1.0569999999999999E-4","1.0730000000000001E-4","1.106E-4","1.25E-4","1.325E-4","1.3569999999999999E-4","1.3569999999999999E-4","1.2300000000000001E-4","1.2789999999999999E-4","1.2320000000000001E-4","1.217E-4","1.261E-4","1.18E-4","1.1519999999999999E-4","1.115E-4","1.093E-4","1.117E-4","1.116E-4","1.114E-4","1.128E-4","1.147E-4","1.187E-4","1.184E-4","1.1730000000000001E-4","1.148E-4","1.143E-4","1.136E-4","1.131E-4","1.1290000000000001E-4","1.136E-4","1.119E-4","1.1239999999999999E-4","1.125E-4","1.117E-4","1.1510000000000001E-4","1.165E-4","1.166E-4","1.187E-4","1.2439999999999999E-4","1.2310000000000001E-4","1.1959999999999999E-4","1.2300000000000001E-4","1.26E-4","1.272E-4","1.2740000000000001E-4","1.2740000000000001E-4","1.3630000000000001E-4","1.706E-4","2.4130000000000001E-4","3.3649999999999999E-4","3.4160000000000001E-4","4.4890000000000002E-4","5.31E-4","5.2789999999999998E-4","5.2479999999999996E-4","5.4330000000000003E-4","6.1030000000000004E-4","6.5830000000000001E-4","6.0190000000000005E-4","5.5780000000000001E-4","5.6669999999999995E-4","5.488E-4","4.9580000000000002E-4","4.8280000000000003E-4","4.5419999999999998E-4","4.3080000000000001E-4","4.3689999999999999E-4","4.6989999999999998E-4","5.1440000000000004E-4","5.5380000000000002E-4","5.7830000000000002E-4","6.7489999999999998E-4","7.8089999999999995E-4","9.0260000000000004E-4","1.5139999999999999E-3","6.7260000000000002E-3","1.325E-2","1.5640000000000001E-2","2.5340000000000001E-2","2.683E-2","2.7220000000000001E-2","2.6859999999999998E-2","2.946E-2","3.0720000000000001E-2","3.1309999999999998E-2","3.2160000000000001E-2","3.3059999999999999E-2","3.4700000000000002E-2","3.5369999999999999E-2","3.7069999999999999E-2","3.6909999999999998E-2","3.789E-2","3.9E-2","4.0989999999999999E-2","4.4069999999999998E-2","4.6690000000000002E-2","4.8710000000000003E-2","4.9689999999999998E-2","5.0680000000000003E-2","5.1330000000000001E-2","5.2769999999999997E-2","5.5449999999999999E-2","5.8229999999999997E-2","6.1499999999999999E-2","6.787E-2","8.1070000000000003E-2","9.4990000000000005E-2","0.11070000000000001","0.13070000000000001","0.14699999999999999","0.1701","0.20610000000000001","0.24460000000000001","0.28460000000000002","0.32729999999999998","0.3619","0.39300000000000002","0.41699999999999998","0.43630000000000002","0.45789999999999997","0.48809999999999998","0.51790000000000003","0.55110000000000003","0.58089999999999997","0.60529999999999995","0.62909999999999999","0.66279999999999994","0.68869999999999998","0.7006","0.71319999999999995","0.72450000000000003","0.74299999999999999","0.76290000000000002","0.78149999999999997","0.80069999999999997","0.81659999999999999","0.83050000000000002","0.84709999999999996","0.86170000000000002","0.88949999999999996","0.89610000000000001","0.91","0.93459999999999999","0.96279999999999999","0.97370000000000001","0.97560000000000002","0.97470000000000001","0.97370000000000001","0.98440000000000005","0.99509999999999998","1","0.99709999999999999"
"2020","1.048E-4","1.054E-4","1.024E-4","9.9500000000000006E-5","9.7899999999999994E-5","9.8900000000000005E-5","1.013E-4","1.054E-4","1.061E-4","1.076E-4","1.109E-4","1.2540000000000001E-4","1.329E-4","1.361E-4","1.361E-4","1.2329999999999999E-4","1.283E-4","1.236E-4","1.22E-4","1.2650000000000001E-4","1.183E-4","1.155E-4","1.1179999999999999E-4","1.0959999999999999E-4","1.121E-4","1.119E-4","1.117E-4","1.131E-4","1.15E-4","1.1909999999999999E-4","1.187E-4","1.177E-4","1.1510000000000001E-4","1.1459999999999999E-4","1.1400000000000001E-4","1.1349999999999999E-4","1.132E-4","1.1400000000000001E-4","1.122E-4","1.127E-4","1.128E-4","1.121E-4","1.154E-4","1.1680000000000001E-4","1.169E-4","1.1909999999999999E-4","1.247E-4","1.2339999999999999E-4","1.2E-4","1.2329999999999999E-4","1.2640000000000001E-4","1.2750000000000001E-4","1.2779999999999999E-4","1.2779999999999999E-4","1.3669999999999999E-4","1.7110000000000001E-4","2.42E-4","3.3750000000000002E-4","3.4259999999999998E-4","4.5019999999999999E-4","5.3260000000000004E-4","5.2939999999999997E-4","5.2630000000000005E-4","5.4489999999999996E-4","6.1209999999999997E-4","6.6029999999999995E-4","6.0360000000000003E-4","5.5940000000000004E-4","5.6840000000000005E-4","5.5040000000000004E-4","4.9720000000000005E-4","4.8420000000000001E-4","4.5550000000000001E-4","4.3199999999999998E-4","4.3820000000000003E-4","4.7130000000000002E-4","5.1590000000000002E-4","5.555E-4","5.8E-4","6.7690000000000003E-4","7.8319999999999996E-4","9.0519999999999999E-4","1.518E-3","6.7460000000000003E-3","1.329E-2","1.5679999999999999E-2","2.5409999999999999E-2","2.691E-2","2.7300000000000001E-2","2.6929999999999999E-2","2.955E-2","3.0810000000000001E-2","3.141E-2","3.2250000000000001E-2","3.3160000000000002E-2","3.4810000000000001E-2","3.5479999999999998E-2","3.7179999999999998E-2","3.7019999999999997E-2","3.8010000000000002E-2","3.9120000000000002E-2","4.1110000000000001E-2","4.4200000000000003E-2","4.6820000000000001E-2","4.8860000000000001E-2","4.9829999999999999E-2","5.083E-2","5.1479999999999998E-2","5.2920000000000002E-2","5.5620000000000003E-2","5.8400000000000001E-2","6.1679999999999999E-2","6.8070000000000006E-2","8.1309999999999993E-2","9.5269999999999994E-2","0.111","0.13109999999999999","0.1474","0.1706","0.20669999999999999","0.24529999999999999","0.28539999999999999","0.32819999999999999","0.36299999999999999","0.39419999999999999","0.41820000000000002","0.4375","0.4592","0.48959999999999998","0.51939999999999997","0.55269999999999997","0.58260000000000001","0.60709999999999997","0.63100000000000001","0.66479999999999995","0.69069999999999998","0.70269999999999999","0.71530000000000005","0.72660000000000002","0.74519999999999997","0.7651","0.78380000000000005","0.80300000000000005","0.81899999999999995","0.83289999999999997","0.84960000000000002","0.86419999999999997","0.8921","0.89880000000000004","0.91269999999999996","0.93740000000000001","0.9657","0.97660000000000002","0.97840000000000005","0.97750000000000004","0.97650000000000003","0.98729999999999996","0.998","0.998","1"
